# N=1e+06 y=1000 forms=1037 step=0.005
# j  e_j  Z11_j  Zall_j  Flall_j(pure)  Flmix_j(approx)  (Zall+Flall)/e_j  (Zall+Flmix)/e_j
  1 6.0005e+00 0.0000e+00 0.0000e+00 4.1440e-04 4.1440e-04 6.9060e-05 6.9060e-05
  2 1.7500e+01 0.0000e+00 0.0000e+00 2.7972e-03 4.7174e-03 1.5984e-04 2.6956e-04
  3 3.3080e+01 8.7605e-03 1.2481e-02 4.4921e-03 1.1977e-02 5.1310e-04 7.3938e-04
  4 4.5603e+01 5.0542e-02 7.1300e-02 1.0537e-03 1.5528e-02 1.5866e-03 1.9040e-03
  5 4.8913e+01 1.3940e-01 1.9552e-01 3.4689e-05 1.7963e-02 3.9980e-03 4.3645e-03
  6 4.2523e+01 2.4602e-01 3.4409e-01 0.0000e+00 1.7496e-02 8.0918e-03 8.5032e-03
  7 3.0825e+01 3.1343e-01 4.3813e-01 0.0000e+00 1.4087e-02 1.4214e-02 1.4671e-02
  8 1.9020e+01 3.0812e-01 4.3123e-01 0.0000e+00 9.5870e-03 2.2672e-02 2.3176e-02
  9 1.0150e+01 2.4384e-01 3.4217e-01 0.0000e+00 5.5957e-03 3.3711e-02 3.4263e-02
 10 4.7431e+00 1.5998e-01 2.2537e-01 0.0000e+00 2.8339e-03 4.7515e-02 4.8113e-02
 11 1.9606e+00 8.8925e-02 1.2588e-01 0.0000e+00 1.2584e-03 6.4206e-02 6.4848e-02
 12 7.2284e-01 4.2572e-02 6.0612e-02 0.0000e+00 4.9469e-04 8.3852e-02 8.4536e-02
 13 2.3937e-01 1.7785e-02 2.5486e-02 0.0000e+00 1.7359e-04 1.0647e-01 1.0720e-01
