# N=1e+08 y=1000 forms=1037 step=0.005
# j  e_j  Z11_j  Zall_j  Flall_j(pure)  Flmix_j(approx)  (Zall+Flall)/e_j  (Zall+Flmix)/e_j
  1 6.0005e+00 0.0000e+00 0.0000e+00 4.5663e-06 4.5663e-06 7.6099e-07 7.6099e-07
  2 1.7500e+01 0.0000e+00 0.0000e+00 2.8322e-05 4.9257e-05 1.6184e-06 2.8147e-06
  3 3.3080e+01 1.6063e-04 2.1612e-04 4.8056e-04 5.5951e-04 2.1061e-05 2.3447e-05
  4 4.5603e+01 2.0206e-03 2.5298e-03 4.9607e-04 9.7226e-04 6.6352e-05 7.6794e-05
  5 4.8913e+01 8.6240e-03 1.0534e-02 1.2978e-04 7.7851e-04 2.1801e-04 2.3128e-04
  6 4.2523e+01 2.0641e-02 2.4901e-02 4.3629e-06 6.7011e-04 5.8567e-04 6.0133e-04
  7 3.0825e+01 3.3229e-02 3.9804e-02 0.0000e+00 5.6344e-04 1.2913e-03 1.3096e-03
  8 1.9020e+01 3.9488e-02 4.7111e-02 0.0000e+00 4.0745e-04 2.4768e-03 2.4983e-03
  9 1.0150e+01 3.6646e-02 4.3628e-02 0.0000e+00 2.5418e-04 4.2983e-03 4.3233e-03
 10 4.7431e+00 2.7577e-02 3.2806e-02 0.0000e+00 1.3754e-04 6.9166e-03 6.9456e-03
 11 1.9606e+00 1.7285e-02 2.0568e-02 0.0000e+00 6.5029e-05 1.0491e-02 1.0524e-02
 12 7.2284e-01 9.2073e-03 1.0968e-02 0.0000e+00 2.7096e-05 1.5174e-02 1.5211e-02
 13 2.3937e-01 4.2336e-03 5.0520e-03 0.0000e+00 1.0033e-05 2.1105e-02 2.1147e-02
