# N=1e+07 y=1000 forms=1037 step=0.005
# j  e_j  Z11_j  Zall_j  Flall_j(pure)  Flmix_j(approx)  (Zall+Flall)/e_j  (Zall+Flmix)/e_j
  1 6.0005e+00 0.0000e+00 0.0000e+00 4.2196e-05 4.2196e-05 7.0321e-06 7.0321e-06
  2 1.7500e+01 0.0000e+00 0.0000e+00 2.7763e-04 4.6778e-04 1.5865e-05 2.6731e-05
  3 3.3080e+01 1.7547e-03 2.5092e-03 1.8233e-03 2.5448e-03 1.3097e-04 1.5278e-04
  4 4.5603e+01 1.2387e-02 1.7021e-02 8.9863e-04 3.3582e-03 3.9295e-04 4.4688e-04
  5 4.8913e+01 3.9702e-02 5.3301e-02 9.8547e-05 3.3908e-03 1.0917e-03 1.1590e-03
  6 4.2523e+01 7.8894e-02 1.0441e-01 5.1184e-07 3.4056e-03 2.4554e-03 2.5355e-03
  7 3.0825e+01 1.1080e-01 1.4535e-01 0.0000e+00 2.9090e-03 4.7153e-03 4.8097e-03
  8 1.9020e+01 1.1827e-01 1.5434e-01 0.0000e+00 2.1086e-03 8.1143e-03 8.2251e-03
  9 1.0150e+01 1.0049e-01 1.3078e-01 0.0000e+00 1.3104e-03 1.2885e-02 1.3014e-02
 10 4.7431e+00 7.0175e-02 9.1253e-02 0.0000e+00 7.0405e-04 1.9239e-02 1.9388e-02
 11 1.9606e+00 4.1227e-02 5.3645e-02 0.0000e+00 3.3008e-04 2.7362e-02 2.7530e-02
 12 7.2284e-01 2.0743e-02 2.7040e-02 0.0000e+00 1.3636e-04 3.7408e-02 3.7596e-02
 13 2.3937e-01 9.0645e-03 1.1849e-02 0.0000e+00 5.0079e-05 4.9500e-02 4.9709e-02
