# N=1e+08 y=3000 primes=218 mu=8.0087 K=60 eta_K=4.958e-06 u0=3 sigma_y=0.0448 Thm2.1: Z_u0 >= e_u0(q) = 1.445e-05
# j  e_j  Z11_j(lower bd)  Z11_j/e_j  Fl11_j  Z11_j/eta_K  (Z11+Fl11)/eta_K
  1 8.0087e+00 0.0000e+00 0.000e+00 1.0923e-06 0.000e+00 2.203e-01
  2 3.1539e+01 0.0000e+00 0.000e+00 1.1910e-04 0.000e+00 2.402e+01
  3 8.1452e+01 2.1480e-03 2.637e-05 1.2504e-03 4.332e+02 6.854e+02
  4 1.5524e+02 1.9523e-02 1.258e-04 1.0115e-03 3.938e+03 4.142e+03
  5 2.3293e+02 8.3996e-02 3.606e-04 1.6967e-04 1.694e+04 1.697e+04
  6 2.8672e+02 2.3060e-01 8.043e-04 4.3629e-06 4.651e+04 4.651e+04
  7 2.9783e+02 4.5764e-01 1.537e-03 0.0000e+00 9.230e+04 9.230e+04
  8 2.6658e+02 7.0366e-01 2.640e-03 0.0000e+00 1.419e+05 1.419e+05
  9 2.0889e+02 8.7618e-01 4.194e-03 0.0000e+00 1.767e+05 1.767e+05
 10 1.4513e+02 9.1106e-01 6.278e-03 0.0000e+00 1.837e+05 1.837e+05
 11 9.0311e+01 8.0917e-01 8.960e-03 0.0000e+00 1.632e+05 1.632e+05
 12 5.0763e+01 6.2459e-01 1.230e-02 0.0000e+00 1.260e+05 1.260e+05
