# N=1e+08 y=1000 primes=87 mu=6.0005 K=46 eta_K=4.301e-05 u0=3 sigma_y=0.0509 Thm2.1: Z_u0 >= e_u0(q) = 2.021e-05
# j  e_j  Z11_j(lower bd)  Z11_j/e_j  Fl11_j  Z11_j/eta_K  (Z11+Fl11)/eta_K
  1 6.0005e+00 0.0000e+00 0.000e+00 4.8763e-07 0.000e+00 1.134e-02
  2 1.7500e+01 0.0000e+00 0.000e+00 1.9009e-05 0.000e+00 4.420e-01
  3 3.3080e+01 1.6234e-04 4.908e-06 3.5540e-04 3.774e+00 1.204e+01
  4 4.5603e+01 2.0364e-03 4.465e-05 5.0053e-04 4.735e+01 5.898e+01
  5 4.8913e+01 8.6818e-03 1.775e-04 1.2970e-04 2.019e+02 2.049e+02
  6 4.2523e+01 2.0766e-02 4.883e-04 4.3629e-06 4.828e+02 4.829e+02
  7 3.0825e+01 3.3414e-02 1.084e-03 0.0000e+00 7.769e+02 7.769e+02
  8 1.9020e+01 3.9693e-02 2.087e-03 0.0000e+00 9.229e+02 9.229e+02
  9 1.0150e+01 3.6824e-02 3.628e-03 0.0000e+00 8.562e+02 8.562e+02
 10 4.7431e+00 2.7703e-02 5.841e-03 0.0000e+00 6.441e+02 6.441e+02
 11 1.9606e+00 1.7359e-02 8.854e-03 0.0000e+00 4.036e+02 4.036e+02
 12 7.2284e-01 9.2450e-03 1.279e-02 0.0000e+00 2.149e+02 2.149e+02
