# N=1e+06 y=1000 primes=87 mu=6.0005 K=46 eta_K=4.301e-05 u0=3 sigma_y=0.0509 Thm2.1: Z_u0 >= e_u0(q) = 2.021e-05
# j  e_j  Z11_j(lower bd)  Z11_j/e_j  Fl11_j  Z11_j/eta_K  (Z11+Fl11)/eta_K
  1 6.0005e+00 0.0000e+00 0.000e+00 3.6458e-05 0.000e+00 8.476e-01
  2 1.7500e+01 0.0000e+00 0.000e+00 1.8455e-03 0.000e+00 4.291e+01
  3 3.3080e+01 8.8053e-03 2.662e-04 3.6233e-03 2.047e+02 2.890e+02
  4 4.5603e+01 5.0781e-02 1.114e-03 1.0690e-03 1.181e+03 1.206e+03
  5 4.8913e+01 1.4002e-01 2.863e-03 3.4689e-05 3.255e+03 3.256e+03
  6 4.2523e+01 2.4704e-01 5.810e-03 0.0000e+00 5.744e+03 5.744e+03
  7 3.0825e+01 3.1466e-01 1.021e-02 0.0000e+00 7.316e+03 7.316e+03
  8 1.9020e+01 3.0925e-01 1.626e-02 0.0000e+00 7.190e+03 7.190e+03
  9 1.0150e+01 2.4469e-01 2.411e-02 0.0000e+00 5.689e+03 5.689e+03
 10 4.7431e+00 1.6051e-01 3.384e-02 0.0000e+00 3.732e+03 3.732e+03
 11 1.9606e+00 8.9204e-02 4.550e-02 0.0000e+00 2.074e+03 2.074e+03
 12 7.2284e-01 4.2699e-02 5.907e-02 0.0000e+00 9.928e+02 9.928e+02
