# N=1e+06 y=100 primes=13 mu=2.7731 K=22 eta_K=2.315e-03 u0=4 sigma_y=0.0707 Thm2.1: Z_u0 >= e_u0(q) = 1.951e-07
# j  e_j  Z11_j(lower bd)  Z11_j/e_j  Fl11_j  Z11_j/eta_K  (Z11+Fl11)/eta_K
  1 2.7731e+00 0.0000e+00 0.000e+00 4.3345e-06 0.000e+00 1.872e-03
  2 3.4633e+00 0.0000e+00 0.000e+00 3.6096e-05 0.000e+00 1.559e-02
  3 2.5771e+00 0.0000e+00 0.000e+00 1.4502e-04 0.000e+00 6.265e-02
  4 1.2737e+00 1.2278e-04 9.639e-05 1.8829e-04 5.304e-02 1.344e-01
  5 4.4110e-01 3.0823e-04 6.988e-04 2.5841e-05 1.332e-01 1.443e-01
  6 1.0999e-01 2.8197e-04 2.564e-03 0.0000e+00 1.218e-01 1.218e-01
  7 1.9964e-02 1.3447e-04 6.736e-03 0.0000e+00 5.809e-02 5.809e-02
  8 2.6333e-03 3.8068e-05 1.446e-02 0.0000e+00 1.645e-02 1.645e-02
  9 2.4873e-04 6.7351e-06 2.708e-02 0.0000e+00 2.910e-03 2.910e-03
 10 1.6305e-05 7.5022e-07 4.601e-02 0.0000e+00 3.241e-04 3.241e-04
 11 6.9989e-07 5.0894e-08 7.272e-02 0.0000e+00 2.199e-05 2.199e-05
 12 1.7548e-08 1.9085e-09 1.088e-01 0.0000e+00 8.245e-07 8.245e-07
