z    kappa  order   p_min        log(1/delta)  LS-ratio log p/(log z+log 1/delta)
   30   1  up               167        1.56     1.03
   30   1  down             107        1.56     0.94
   30   1  random           113        1.56     0.95
   30   2  up               593        2.62     1.06
   30   2  down             151        2.62     0.83
   30   2  random           569        2.62     1.05
   30   3  up              2969        4.07     1.07
   30   3  down             557        4.07     0.85
   30   3  random          2539        4.07     1.05
   30   4  up             11159        4.99     1.11
   30   4  down            3389        4.99     0.97
   30   4  random         11159        4.99     1.11
   30   6  up            119489        6.92     1.13
   30   6  down           14969        6.92     0.93
   30   6  random         52181        6.92     1.05
  100   1  up               619        1.84     1.00
  100   1  down             271        1.84     0.87
  100   1  random           281        1.84     0.88
  100   2  up              4231        3.18     1.07
  100   2  down             797        3.18     0.86
  100   2  random          3917        3.18     1.06
  100   3  up             43951        4.92     1.12
  100   3  down            2887        4.92     0.84
  100   3  random         10111        4.92     0.97
  100   4  up            228601        6.14     1.15
  100   4  down           10909        6.14     0.87
  100   4  random        116687        6.14     1.09
  100   6  up           4298191        8.68     1.15
  100   6  down          184073        8.68     0.91
  100   6  random        627661        8.68     1.01
  100   8  up          59349481       11.06     1.14
  100   8  down          774733       11.06     0.87
  100   8  random      40456261       11.06     1.12
  300   1  up              2777        2.05     1.02
  300   1  down             739        2.05     0.85
  300   1  random          1721        2.05     0.96
  300   2  up             26513        3.60     1.09
  300   2  down            1553        3.60     0.79
  300   2  random         10799        3.60     1.00
  300   3  up            286469        5.56     1.12
  300   3  down            7583        5.56     0.79
  300   3  random         52709        5.56     0.97
  300   4  up           1658009        6.99     1.13
  300   4  down           37423        6.99     0.83
  300   4  random        307091        6.99     1.00
  300   6  up          58150979        9.97     1.14
  300   6  down         1242643        9.97     0.90
  300   6  random      26723617        9.97     1.09
  300   8  up            >1e+09       12.79   > 1.12
  300   8  down        22598297       12.79     0.92
  300   8  random     497012041       12.79     1.08
 1000   1  up             11159        2.24     1.02
 1000   1  down            2269        2.24     0.85
 1000   1  random          4999        2.24     0.93
 1000   2  up            124097        3.98     1.08
 1000   2  down            4229        3.98     0.77
 1000   2  random         71327        3.98     1.03
 1000   3  up           1795307        6.12     1.11
 1000   3  down           17881        6.12     0.75
 1000   3  random        441281        6.12     1.00
 1000   4  up          13287317        7.74     1.12
 1000   4  down           75013        7.74     0.77
 1000   4  random       6853901        7.74     1.07
 1000   6  up         563918657       11.09     1.12
 1000   6  down         3413587       11.09     0.84
 1000   6  random     153443431       11.09     1.05
 1000   8  up            >1e+09       14.29   > 0.98
 1000   8  down        98438071       14.29     0.87
 1000   8  random        >1e+09       14.29   > 0.98
