X=1e+09  pi(X)=50847534
k  u     z        count      delta*pi     ratio   (e^g w(u))^k
1  1.5    999999    3416337    2724042.7   1.254    1.187
2  1.5    999999     378115     239644.9   1.578    1.410
3  1.5    999999      28222      14144.1   1.995    1.674
1  2.0     31622    3424019    3636267.4   0.942    0.891
2  2.0     31622     379389     426394.1   0.890    0.793
3  2.0     31622      28366      33544.4   0.846    0.706
1  2.5      3981    4474072    4538913.3   0.986    1.001
2  2.5      3981     646061     664338.7   0.972    1.003
3  2.5      3981      62853      65236.6   0.963    1.004
1  3.0       999    5472609    5436292.3   1.007    1.005
2  3.0       999     966180     953085.0   1.014    1.010
3  3.0       999     114669     112116.1   1.023    1.016
1  3.5       372    6333159    6333301.4   1.000    0.999
2  3.5       372    1293428    1293902.4   1.000    0.998
3  3.5       372     177415     177417.6   1.000    0.997
1  4.0       177    7204294    7206357.8   1.000    1.000
2  4.0       177    1675184    1676113.8   0.999    1.000
3  4.0       177     261797     261786.9   1.000    1.000
1  5.0        63    8860908    8860829.1   1.000    1.000
2  5.0        63    2539427    2539517.3   1.000    1.000
3  5.0        63     490247     489820.3   1.001    1.000
