X=1e+08  pi(X)=5761455
k  u     z        count      delta*pi     ratio   (e^g w(u))^k
1  1.5    215443     438023     346567.0   1.264    1.187
2  1.5    215443      55164      34295.3   1.609    1.410
3  1.5    215443       4714       2276.8   2.070    1.674
1  2.0     10000     440107     463054.7   0.950    0.891
2  2.0     10000      55545      61033.5   0.910    0.793
3  2.0     10000       4756       5397.1   0.881    0.706
1  2.5      1584     567920     577353.3   0.984    1.001
2  2.5      1584      92070      94872.8   0.970    1.003
3  2.5      1584      10040      10459.9   0.960    1.004
1  3.0       464     693199     688933.2   1.006    1.005
2  3.0       464     136977     135112.8   1.014    1.010
3  3.0       464      18090      17782.7   1.017    1.016
1  3.5       193     798911     799004.6   1.000    0.999
2  3.5       193     182227     181827.5   1.002    0.998
3  3.5       193      27811      27782.7   1.001    0.997
1  4.0       100     916576     916932.7   1.000    1.000
2  4.0       100     239931     239713.1   1.001    1.000
3  4.0       100      42218      42122.6   1.002    1.000
1  5.0        39    1137630    1137699.5   1.000    1.000
2  5.0        39     370834     370493.1   1.001    1.000
3  5.0        39      81502      81429.1   1.001    1.000
