T, log L(T)/T, log lcm(1..T)/T
100 0.5808 0.9405
1000 0.6597 0.9967
10000 0.6653 1.0013
100000 0.6662 1.0005
1000000 0.6667 0.9996
10000000 0.6666 0.9999
T, Q=lcm(24,L(T)), least prime p = 1 mod Q, W(p), W(p)/log p, T/log p
7 168 337 11 1.89 1.203
15 9240 9241 39 4.271 1.643
23 4037880 4037881 59 3.879 1.512
31 1126568520 4506274081 47 2.114 1.395
39 14645390760 73226953801 43 1.719 1.559
47 29598334725960 59196669451921 139 4.383 1.482
55 503171690341320 3019030142047921 103 2.89 1.543
63 29687129730137880 118748518920551521 127 3.23 1.602
