1 1070996760066 73968973 8
1 11363899112 7 754
1 11423965435878 1 1
1 114246977883 52 75
1 1173534321 411622 7301
1 117370100753 678 73
1 1184 15 7236464592
1 1223996296727 1692940936 7
1 1263 16 6783827456
1 130686 1 65561530
1 135999591988 155723 63
1 1430834637098 21 6
1 14889224 39 575448
1 1490082448158 1 6
1 1498421490 128653 5718
1 155781372861 27226 55
1 161659889094 896641 53
1 161660924319 736 53
1 164768763140 25643 52
1 165564716462 1 52
1 16966351961 126 505
1 17046 1 502638395
1 17204767224 6681463 498
1 1894 1 4523745553
1 1916772766 2561 4470
1 19297238912 244268847 444
1 199255211204 10241851 43
1 2141993519236 14978975659 4
1 2141993519340 1185386563 4
1 2141993519896 200130199 4
1 2141993522954 35920805 4
1 214199904440 2423 40
1 2142029440032 3727 4
1 2142193649426 669 4
1 2143178905790 113 4
1 2156972494886 9 4
1 219691643002 323551757 39
1 231566866947 442766476 37
1 231566866959 100725040 37
1 231566867168 6968399 37
1 231578903269 130 37
1 231740846558 9 37
1 2348677694 273 3648
1 23967836 8563 357478
1 2506 109 3418984069
1 2514851 12 3406951
1 25311901 2 338496
1 2564493891 49612 3341
1 28307318 529 302677
1 285600268153 2102 30
1 28751590895 733328 298
1 2884839757 521954 2970
1 3140753344 751 2728
1 31705759 11360 270234
1 31711627 52 270184
1 330134342 33 25953
1 3323496539 1311044 2578
1 3408104247 17126152 2514
1 348447439 131440 24589
1 36189964422 1 237
1 3739553 126 2291176
1 3894431 10848 2200058
1 4021107158 1 2131
1 414 1 20695589558
1 418828483 524 20457
1 429515444 28634363 19948
1 457666475 73028 18721
1 46 1 186260306020
1 50698071461 16899357154 169
1 524492238 1 16336
1 52564269589 7042 163
1 5309498 109 1613707
1 55722674 2422725 153761
1 5651519 376768 1516048
1 571 52 15005208541
1 5983225933 274 1432
1 6 1 1427995679485
1 63348693 455746 135251
1 63582336 559 134754
1 659074928993 219691642998 13
1 659074957085 451178 13
1 662490282 13 12933
1 663020 3203 12922648
1 66937297476 847307563 128
1 73883501 319842 115966
1 758024 50535 11303038
1 796797 6274 10753020
1 8567974076909 2855991358970 1
1 8567974625606 3903777 1
1 8567977980685 548698 1
1 896337077 2 9559
1 90424304 6028287 94753
1 9637812845 58 889
1 9974 665 859030888
10 16480834964 2 52
10 2636299716 7183378 325
10 73734728 14 11620
10 856842315569 477 1
101 3688455208 3 23
10104 423989216 5367080 2
1012 4233188774 634566 2
1016 337321849 95 25
10229 167523223 36 5
102314 1308468 17858 64
102314 377216 6070 222
10239 56759 482 14743
102777 83364703 6280 1
103 28053 4 2965252
1034 376647357 737081 22
10355 827424142 71 1
1036 129222582 1635742 64
105967 178883 270 452
106 235655814 6928 343
10603 44892819 21682 18
1072 3996256566 1676986 2
11 1539 2 506112238
11 20497545639 26448446 38
11 3725 8 209102479
11 60020834164 1 13
11 7553914 9747 103113
11 86545192709 16867120 9
11 867379439 10070 898
11 9451834 107 82408
11 98235179 83890 7929
11 9859707847 22 79
11045 3693968 1339 210
111 1432396 18133 53888
112 45427416 575032 1684
11225 509542 1 1498
114 2211 3 33992613
114 2348 2 32009228
115 3239309670 3349855 23
115 74504122409 146950932 1
116 76198 6 969341
1161 8719 520 846407
1171 7316801168 20141 1
118 5580230 4 13012
1192 39207 1 183332
11920 718791656 8 1
1193 50576568 7439 142
119622 17906351 11867 4
12 172296776 2180972 4144
12 1744624 22084 409256
12 238001369405 791 3
12 27026 2 26418924
122 35114657743 3639 2
1223 7460812 45 939
125 97780018 71529 701
1253 6837968138 297303017 1
125813 17025217 10 4
1263 52998652 670885 128
12655 1552850 15 436
1271 6741128306 94945487 1
128 5170101 59 12947
12848 333436102 995370 2
129 2213946790 1412857 30
129 2539221 133650 26157
13 1014742 2765 649500
13 114482357 8598 5757
13 12674517916 92359 52
13 165033208544 3 4
13 4641379802 89 142
13 50698071461 16899357158 13
13 659074928993 219691643002 1
13 659090973077 790 1
13 8522888 3483 77330
130 10147420 27650 6495
1306 2186823399 1462759 3
1318 213819 247 30403
1318 8239213 9461 789
131963 64927102 15 1
13225 17509782 18121 37
13364 51691 1 12403
137 28176 23 2219618
137 4169402912 7 15
1371 284065185 2148 22
13840 585689 7 1057
13961 613707763 65716 1
14 1179187261 525 519
14 1637024 20722 373848
14 185285546 328 3303
14 245388191 1284755 2494
14 33999897131 81927463 18
14 5678427 71879 107776
14 614191690101 5 1
1408 56871111 649 107
14198 301731727 1755 2
14458 118522259 1131 5
146 8383554268 114 7
146551 268184 129 218
1473 16068187 4 362
1475 829828 9 7000
14750 8298280 90 70
148 151548997 2167 382
148 168 4 344593552
148 2299 1 25181260
148 523 1 110691619
148 53888 684 1074297
14865 19875382 1 29
1490 89848957 1 64
14975 1580530 15 362
15 162780927 2586 3509
15 21969164301 11400708 26
15 57119827257 1226616 10
15 6064192 1 94192
15 8748 69 65294727
150 57119827468 329854 1
151 119961134 3 473
152 11303038 753546 4987
152 56368250507 90478733 1
152 56374431913 15 1
152531 18724006 7263 3
1536 51157 667 109039
1536 5578118440 88 1
154 889624 46 62539
15443 569623 6 974
15577 1637024 20919 336
1564495 5476511 47898 1
1576 5436542165 83 1
1576846 1811205 613 3
1577 93673870 201 58
158 1465613082 790088 37
158 54270619648 2 1
16 1859369599 449 288
16 20208 256 26499326
16 5651519 376769 94753
16 66937297506 4335598 8
16 716198 9066 747696
16 796872589 10086995 672
1600433 5353535 464 1
1602 150326 8 35578
162 5376510 42336 9837
163567 13095512 9 4
165 1790590197 28446 29
165755 12922648 63229 4
1684 613884 7792 8288
1684 6216 100 818512
16885 2317037 6 219
169 1102133406 25 46
169 50698071461 16899357210 1
170277 50317859 363224 1
17057 71759253 2 7
171 193 4 259611977
172 49813839657 1963 1
17389 246361982 21 2
1740 703446272 116 7
17521 4570203 4 107
17745 72184 7 6689
178 25562771 3 1883
179217 15935940 126891 3
18 10211276 2 46615
18 131892092 9170 3609
18 158666186705 7684709 3
18 2917 1 163180857
18 40539 3 11741744
18 597390 4704 796797
180028 47592455 29 1
1801 25902 1 183667
183 2741993 40928 17075
185 136942 1 338197
18979 451445366 15 1
19 14546645292 45600769 31
19 150315351531 39130 3
19 162855184 4781 2769
19 22606076 1507073 19948
19 241257 196 1869152
19 28184125940 33737 16
19 39896 2661 11303038
192 22312435188 5388 2
192 697264805 11 64
193 4400203 48356 10089
19674 8064765 63657 54
197043 2898851 2 15
19770 1165007 71 372
19801 432704530 13 1
199 10056 1 4281538
19913 1770660 14099 243
19913 21870 329 19674
19963 3866601 76 111
2 1048984476 2 4084
2 1103267329 2608197 3883
2 11303038 753536 379012
2 11966451866 548 358
2 1326040 6406 3230662
2 133874594952 1694615126 32
2 1428055480803 995 3
2 1543222997 158393 2776
2 1593594 12548 2688255
2 168455323 75 25431
2 19183 15 223322058
2 19210704355 73411 223
2 194727506173 1345 22
2 19683 155 217649090
2 19948 1330 214757722
2 2141993520132 147937946 2
2 2142141457173 905 2
2 2368 30 1809116148
2 2526 32 1695956864
2 2760308593 29 1552
2 285599135897 40799876557 15
2 29778448 78 143862
2 329537526280 51286 13
2 331129432924 2 13
2 38594477824 488537694 111
2 409911687 21503 10451
2 4245775063 4701855 1009
2 4283987038455 611998148351 1
2 4283987038459 109845821499 1
2 4283987038472 29957951318 1
2 4283987038483 18545398435 1
2 4283987038680 2370773126 1
2 4283987038819 1467621459 1
2 4283987039792 400260398 1
2 4283987045908 71841610 1
2 428399808880 4846 10
2 4284058880064 7454 1
2 4284387298852 1338 1
2 4285454659913 365 1
2 4286357811580 226 1
2 4302532436889 29 1
2 4313944989772 18 1
2 4393832859953 5 1
2 4697355388 546 912
2 475999685123 5875 9
2 4895985186805 1 1
2 5 1 856797407691
2 50623802 4 84624
2 581 1 7373471667
2 612993267291 11 7
2 6281506688 1502 682
2 63423254 104 67546
2 7479106 252 572794
2 82384396053 6617 52
2 82582882669 1 52
2 859030888 57268726 4987
2 92 2 46565076505
2 9394708425 350981 456
2 94753 6317 45212152
2 95199711991 10430559 45
2 95241 101 44980492
2 982115323 260163 4362
20 142799567949 1124406047 3
20 147469456 28 2905
20 32961669928 4 13
201 11339914 565 3759
201769 1035714 13 41
204628 2616936 35716 16
205 41802278124 7 1
206 56106 8 741313
207 20695589558 49868891 2
207 5913118334 11 7
2072 258445164 3271484 16
20935 326108 29 1255
209571 13627804 1 3
21 232743204 39 1753
21 277928319 492 1468
21 385996940 355103 1057
21 7975424 100955 51157
210 7399 7 5514242
211934 357766 540 113
21194 404264135 358727 1
212 219647995 1 184
21277 57526733 1534 7
215 60898 39 654390
2186 896085 7073 4374
22 18903668 214 20602
222 1015650173 5 38
222 2864792 36266 13472
224 90854832 1150064 421
228 4696 4 8002307
23 1923 14 193718467
23 44022762 106079 8462
23 647861934 669971 575
2326 613938633 1 6
233 18386219013 1154 2
236 11160460 8 3253
237 7230358295 3596 5
2384 78414 2 45833
2386 276225873 1333 13
2391809 3582215 55832 1
239244 35812702 23734 1
24 344593552 4361944 1036
24 3489248 44168 102314
24 54052 4 6604731
243 652947270 5141319 54
243 8064765 63504 4372
244759 35005775 2 1
2478 86440417 385 40
248410 4927323 19 7
25 38079884788 24301139 9
25 64191602 384381 5339
25 6590749290 17958445 52
25 8787665735 149280 39
251626 34050434 20 1
2526 105997304 1341770 32
2531 310570 3 10900
25310 3105700 30 109
2535 10312 1 327761
25557 23946402 9 14
256 39748989 503155 842
25780 12782679 997 26
259 768 13 43074194
26 109845821499 1997196755 3
26 2029484 5530 162375
26 25349035832 184718 13
26 330066417088 6 1
26 6136867 3 53698
260262 2194705 1 15
2603 3886159 334 847
261 123877309 403510 265
263 361976092 4365 90
2651 98356 1 32860
265599 6451812 52893 5
266 74046967 39 435
267 84669647 14 379
268 1324031 5541 24146
268 18783815 29 1702
269 14743 108 2160429
27 145967053 425560 2174
27 158666186614 160107151 2
27 197838138 13755 1604
27 20175 6 15728990
27 896085 7056 354132
2745 3121302160 2215 1
2791 1080936 1 2840
28 11356854 143758 26944
28 25499944987 857 12
28 3274048 41444 93462
28 723 1 423235234
2803 203781046 23567 15
281 16098739 20 1894
28633 42747749 3674 7
29 10551692213 55244462 28
29 2116825 162 139571
29 400307 2096 738052
29 59089491499 6744 5
29 98482547596 3255 3
290 3282748763 4219 9
2908 46767397 95 63
2947 28416 397 102314
2950 1659656 18 1750
29511 716868 5877 405
296 336 8 86148388
296 4598 2 6295315
2966 2667341 373 1083
2980 179697914 2 16
2995 316106 3 9050
3 1256485449 1572 2273
3 1427995679485 203999382784 2
3 1443027212953 4 2
3 16441240 7189 173709
3 166075177 4 17197
3 1856971592 5 1538
3 1906536296 12773 1498
3 1987470846 39 1437
3 21650 59 131916460
3 2390391 18822 1194780
3 407998775964 467169 7
3 42067924 2521 67890
3 43074194 545243 66304
3 434813 10112 6568321
3 436156 5521 6548096
3 5240357234 131 545
3 55142420 50729 51793
3 58607305 4 48731
3 5925293459 5594 482
3 67112 5 42555599
3 6745 4 423423478
3 71625404 47153 39874
3 7677396127 2330014 372
3 7677396142 109279 372
3 77188955687 4437422 37
3 8654519271 1565862 330
3 87080872 497605 32797
3 95117277 34080 30026
3 99565 784 28684692
30 1057 1 270197858
30 12128384 2 23548
30 285599135897 40799876561 1
30 3274919 107 87208
30 552416185 145 517
300 2197057267 1 13
300439 1296281 80 22
307522 27861337 1224733 1
31 1694270 3 163130
31 64910 3 4257992
31154 3274048 41838 84
31809 134678457 65046 2
318315 6729163 394 4
32 133874595012 8671196 2
32 1432396 18132 186924
32 1593745178 20173990 168
32 1642633069 37347 163
32 3718739198 898 72
3227 379298513 2852 7
322724 13274461 15 2
32456 43779 5 6030
327134 26191024 18 1
3279 79652 653 32805
33 22661742 29241 11457
33 259635578127 50601360 1
33 294705537 251670 881
331510 25845296 126458 1
331981 4301438 21 6
3368 1227768 15584 2072
3368 12432 200 204628
3415 41129895 613930 61
341687 511745 7976 49
342 6633 9 3776957
35 1323239254 3567 185
35 244799260357 1719736 1
35 5208504652 81 47
350 1288417167 3851 19
3508 2442412091 81 1
353 2022656899 924 12
35341 7820556 7 31
354 12348631 55 1960
358 6013 277 3980191
358099 11963136 155965 2
359 8800232 1 2712
36 81078 6 2935436
361 44865785 598 529
36739 5423534 7 43
37 13472 171 17188752
37 42 1 5513496832
371 824795349 24248 28
373325 22950443 104 1
38 45212152 3014146 4987
38 482514 392 467288
38 4987 335 45212152
38 56368251880 67474 4
38 737 1 305933517
38 8672038951 5331 26
384 1394529610 22 16
387 36473588 1385 607
39540 2330014 142 93
4 101247604 8 21156
4 107378861 7158591 19948
4 125549119 245693 17061
4 13782857 3 155410
4 146181227 2320337 14653
4 164768792106 13234 13
4 165165765338 2 13
4 18789416850 701962 114
4 189506 12634 11303038
4 190482 202 11245123
4 2097968952 4 1021
4 22606076 1507072 94753
4 267749189904 3389230252 8
4 281396951 245 7612
4 3086445994 316786 694
4 4398345797 311 487
4 4567150361 3483715 469
4 4736 60 452279037
4 5052 64 423989216
4 5520617186 58 388
4 714168857189 87 3
4 9394710776 1092 228
400307 764411 6098 28
409256 5233872 71432 4
41 6473020 203 32284
413 61559943 44 337
4144 516890328 6542968 4
41573 615208 3 335
416 10298139535 33 2
417155 20539066 16283 1
41857 40939272 7 5
42 101999691393 245782389 2
42 555856638 984 367
421 153471 1948 132608
421 1554 25 13096192
421 448 11 45427416
424 439295990 2 46
4297 1993950968 15 1
43 66418403697 3495705460 3
43 846407 44550 235413
4325 19042 1 104035
435 175861568 29 112
44 1381040309 2702623 141
4413 1721215 4 1128
444 5729584 72532 3368
4451 4898104 21 393
457 94688395 716 198
459079 1435646 35 13
46 2393 1 77835481
47713 179573225 14 1
48 5578108797 1347 32
48 689187104 8723888 259
48221 177681394 105 1
4853 2187733 15774 807
486 16129530 127008 1093
49 236292734 129 740
492 507847 13 34291
494 1039003 2207 16693
4956 172880834 770 10
5 1318149858 3591689 1300
5 14442556 63 118649
5 1713594815382 244799259341 1
5 1713594815383 63466474644 1
5 1713652669962 1481 1
5 1713817968763 384 1
5 1757533147 29856 975
5 186727251 8 9177
5 19039942419 408872 90
5 1965587 2216 871798
5 2107742726 5053 813
5 2916 23 587652543
5 2924224086 293 586
5 3490014958 69 491
5 36867364 7 46480
5 37252061204 792597047 46
5 4202851 5208 407722
5 5339 32 320958010
5 54260309 862 31581
5 56730291 8 30206
5 571234889415 260 3
5 637 6 2690101751
5 673848481 18 2543
5 7323054767 3800236 234
5 77890673427 315346856 22
5 8240417482 1 208
50 13181498580 35916890 13
5052 211994608 2683540 8
506 2116594387 317283 8
506 578957 1 29247
5062 621140 6 2725
5080 1686609245 475 1
5096 33445 3 50271
51157 188608 3035 888
51157 654234 8929 256
515 16636842868 37218889 1
518 64611291 817871 256
52 190264125 518431 866
52 7489487873 37595 22
5295 161812556 53 10
53 117827907 3464 1372
53 5480182 45 29499
5302 196712 2 8215
536 1998128283 838493 8
54 1792170 14112 88533
54 395676276 27510 401
541 3556544 19 4453
5465 39366 353 39826
548 39682729 3 394
54853 52066275 184 3
549 624260432 443 25
55 596863399 9482 261
55 860670431 3378 181
551345 7770066 3293 2
5582 2161872 2 710
559 1393393086 39115 11
56 22713708 287516 6736
56 50999889974 1714 3
56354 50679479 7087 3
56615 151337527 2666 1
57 1174 1 128036912
57261 481126 37 311
57459 2711174 959 55
578736 14804633 551 1
579 13200609 145068 1121
57983 147767002 639935 1
58 21103384426 110488924 7
58 38099 3 3877364
58 800614 4192 184513
59 2790115 2 52048
59 4840663323 252026 30
59022 24194295 190971 6
592 672 16 21537097
5960 359395828 4 4
59739 5311980 42297 27
59739 65610 987 2186
6 110483237 29 12925
6 13513 1 105675696
6 1427999055369 17625 1
6 15354792254 4660028 93
6 15354792284 218558 93
6 199130 1568 7171173
6 237999325489 36265 6
6 2391953639 155 597
6 285599135973 31291677 5
6 43300 118 32979115
6 4780782 37644 298695
6 57549 45 24813562
6 670420519 1075 2130
6 713997839743 23032188379 2
6 86148388 1090486 16576
6 872312 11042 1637024
60 24256768 4 5887
60 6549838 214 21802
6013 7960382 346365 179
602 400307 2099 35554
609839 1080736 1 13
6140 126857817 11 11
616 4636349609 2213055 3
62 129820 6 1064498
62308 6548096 83676 21
6267 74884 1 18257
636630 13458326 788 1
64 2864792 36264 46731
64 3187490356 40347980 42
64 7437478396 1796 18
6424 166718051 497685 8
64291 133268645 88 1
645 182694 117 72710
64706 44137987 3 3
65 385777 3606 341687
65 43161423 3824 3054
65 5073710 13825 25980
6550 1308087653 6509 1
6558 2688255 21219 486
67 8525347346 366099 15
673 172040763 21316 74
6736 2455536 31168 518
6736 24864 400 51157
67995 126008894 47 1
683 8225979 122786 1525
684 12526288817 419 1
69 124182536081 50 1
69372 61753835 2441 2
6939 1234756327 4054 1
7 111272390615 62267706 11
7 111272406698 22455 11
7 1223996296704 15493624009 1
7 1223996307494 4050299 1
7 1223996450510 284211 1
7 1224069036720 601 1
7 1718 75 712454189
7 611998148351 26608615146 2
7 7385618 15 165727
7 77581068 13 15777
7 818512 10361 1495392
7 8214740247 2881354 149
7 92642773 164 13212
70 4221196737 1 29
70519 40499601 856 3
706 4045313798 1848 3
708 24697262 110 490
71 23425 88 5151577
718 11485193 1 1039
718 17600464 2 678
72 162156 12 733859
729 1958841810 15423957 6
73 1235468507 16140 95
73 39123169512 211615 3
73 4191777134 57 28
7375 4149140 45 280
74 26944 342 4297188
74 84 2 1378374208
742 1649590698 48496 7
748200 11451449 47 1
75 114239654364 72903417 1
75 28559913734 164927 4
7576 3316529 135 341
75869 1947089 2 58
76 112736503760 134948 1
76 5651519 376773 19948
76 965028 784 116822
76 9974 670 11303038
768 2789059220 44 4
77 3589807930 1 31
77 444812 23 250156
775 11055450536 31233 1
777 26192384 331559 421
789 1085928276 13095 10
79 27135309824 1 4
79 313454821 256300 346
79 506800888 73 214
79 732806541 395044 148
791 22564 5 480049
8 10104 128 105997304
8 1070996760145 62973879 1
8 11041234372 116 97
8 18789421552 2184 57
8 1922794917 6563 557
8 202495208 16 5289
8 214757722 14317182 4987
8 22841109 2483 46889
8 33468648753 2167799 32
8 358099 4533 2990784
8 4987 333 214757722
8 535498379808 6778460504 2
8 562793902 490 1903
800614 1528822 12196 7
801 75163 4 142312
81 217649090 1713773 486
81 2688255 21168 39348
81828 799291 1 131
818512 10467744 142864 1
82 12946040 406 8071
8288 1033780656 13085936 1
83 51614304292 29625 2
8303 1031913055 13754 1
8337 79054390 1 13
842 306942 3896 33152
842 3108 50 3274048
842 896 22 11356854
846407 3374253 222140 3
84688 3488657 15 29
8519 7982134 3 126
8605 7061682 841 141
870 351723136 58 28
870 9848246289 12657 1
8724 140302191 285 7
8826 3442430 8 282
8841 969118208 12267431 1
88533 2150604 17631 45
888 11459168 145064 842
893 8002165 534 1199
9 152125157 2 6258
9 1525925 2 623882
9 194626 469 4891418
9 298695 2352 3187188
9 49323720 21567 19301
9 5105638 1 186460
9 55940645 2 17018
9 63468825341 50 15
9 65946046 4585 14436
9 6725 2 141560910
9 67999806530 10997 14
9 7379822633 388411718 129
9 95265868819 4 10
9133 938133590 417509 1
915 13709965 204640 683
918097 9332319 73744 1
920 143277187 21 65
94 91148660405 19614517 1
9472 452279037 5725171 2
96 11156217594 2694 8
97368 131337 15 670
974 98839203 23 89
9753 11806 1 74411
98 18944389 1 4615
98 472585468 258 185
9837 238956 1959 3645
983893 4354119 4 2
99 67985226 87723 1273
