1 10148315649110 57 244
1 1052791136994 13 2352
1 10627229649048 1563057751 233
1 10673036673446 205444297 232
1 10777359 880 229754294
1 11005118881939 380 225
1 110443555229 3587810 22420
1 112552023101204 7503468206747 22
1 112552023101240 35360359127 22
1 112555053989129 422 22
1 113195177518925 2 22
1 11478511806 49 215720
1 11723613978 43813 211210
1 117945341918 3804688449 20994
1 1181718 1 2095376823
1 118667 372 20866327692
1 119372535710 4936217 20743
1 12010758 1 206160553
1 12078753698681 967616254 205
1 125 2 19809156065812
1 125374405479822 1 20
1 126140991429 10 19630
1 126269481030 2137 19610
1 12940665121 197486 191346
1 130323395169815 43441131723272 19
1 131302 1 18858391405
1 132712215042 1221949 18658
1 1346864566 430721 1838451
1 137683100370543 16 18
1 138463597172 88362219 17883
1 139141526 489 17795870
1 13930489497758 1 178
1 1422 1 1741311187220
1 14240 47 173886552544
1 14396193319249 4846 172
1 14435382744 53267095 171533
1 150867131238 1 16413
1 153492865519 16 16132
1 155341583627 116 15940
1 1574154169248 634995631 1573
1 158 1 15671800684978
1 160071401399 2732200 15469
1 16008174995 34574892 154680
1 16290424396244 1564131003 152
1 163983080015 2602906032 15100
1 1649284422 1 1501345
1 165076300551769 824544590 15
1 165076554731351 10824 15
1 165168060582089 30 15
1 165288208508058 13 15
1 167500332 19 14782923
1 16763014582 1 147715
1 174302730679 520 14206
1 174327243 24903892 14204002
1 1746213372 19 1418008
1 1762380471741 8074 1405
1 17753448731 54788 139474
1 178829144 55 13846426
1 1796274405 9442 1378489
1 190473536056004 4155 13
1 190474409615240 2087 13
1 1928296 1127 1284110172
1 19896861431 143142888 124449
1 204606240626 237 12102
1 20476360729 14 120927
1 207788350340684 3 12
1 225104046202409 3815322816990 11
1 2290605465671 3494616 1081
1 2365554820374 1 1047
1 236860963098 7640676229 10454
1 245519 176 10085347807
1 2476144508226485 825381502742162 1
1 2476144508226486 353734929746641 1
1 2476144508226487 225104046202408 1
1 2476144508226521 16844520464126 1
1 2476144508226542 10719240295353 1
1 2476144508226619 4593960126580 1
1 2476144508228659 284647029340 1
1 2476144508230571 151473940676 1
1 2476144508236020 64917403147 1
1 2476144508241469 41311074730 1
1 2476144508258790 19161794017 1
1 2476144508272154 13554620445 1
1 2476144508298251 8625667556 1
1 2476144508333047 5809123048 1
1 2476144508393940 3696714667 1
1 2476144508426735 3091304912 1
1 2476144508541164 1967194035 1
1 2476144508904905 912466382 1
1 2476144508960737 843083158 1
1 2476144509292574 580660425 1
1 2476144509809466 391057021 1
1 2476144510714027 248854468 1
1 2476144511743055 176034032 1
1 2476144520076697 52238398 1
1 2476144560464882 11850213 1
1 2476144684260516 3516571 1
1 2476144757080952 2487543 1
1 2476144899283505 1582982 1
1 2476145088886909 1066090 1
1 2476145351309642 734253 1
1 2476145420692866 678421 1
1 2476146475420519 314680 1
1 2476147599531396 200251 1
1 2476148204941151 167456 1
1 2476150317349532 106563 1
1 2476153133894040 71767 1
1 2476158062846929 45670 1
1 2476163670020501 32306 1
1 2476185819301214 14985 1
1 2476209425629631 9536 1
1 2476295982167160 4087 1
1 2476429155255824 2175 1
1 2480738468353064 135 1
1 2486863748521837 58 1
1 2492989028690610 37 1
1 2585843759 656 957577
1 26034 205 95111950074
1 262839424486 1 9421
1 2701248554428892 3 1
1 275127167580785 118436146182 9
1 275127167658858 97807309 9
1 275127168679679 6954240 9
1 27512728102030 6737 90
1 275128498323936 5743 9
1 27513291388218 133 90
1 2829879437973125 2 1
1 2846549646 1 869876
1 28501070549 82135650 86879
1 292446499141 201548242 8467
1 296900630212 11 8340
1 309549369087482 309 8
1 310196813 138 7982495
1 31118574 1 79571272
1 314223 16 7880214078
1 316283294 1 7828882
1 318 1 7786617950398
1 3301526010968646 1 1
1 3326085829 4106 744462
1 33461412273333 53029179514 74
1 34282812024 55 72227
1 3512261714041 5092574 705
1 353734929746650 1344999732877 7
1 353734929774989 445647498 7
1 353754983884049 630 7
1 353942155833194 61 7
1 354003929693216 47 7
1 355002796878349 10 7
1 3673846202366 33 674
1 3684738851599 19173872 672
1 3815322816990 37041969097 649
1 40592532921746 466580838181 61
1 409221 21538 6050873509
1 4214201 25854 587571525
1 4254543829298 2502957 582
1 426567563 372 5804812
1 4291411626044 1187112483 577
1 432781 266 5721472311
1 43585 62 56811850596
1 44 3 56276011550602
1 45020812956278 55073 55
1 450294057634 5 5499
1 4527807100757 2 547
1 4672086760476 19 530
1 4707528122450 77 526
1 4716465730007 43364616 525
1 4725466618758 436290889 524
1 47739 1540 51868378228
1 5 2 495228901645297
1 50544306355463 24 49
1 5107517 1314 484803968
1 5191078722059 30756 477
1 52142530920 127207 47488
1 5271270 97 469743441
1 5336518340846 692673 464
1 536595 3292 4614550095
1 540760975810 18011557 4579
1 550866409730 39237 4495
1 56120406924 163 44122
1 572 3 4328923965431
1 57584756161862 2137969 43
1 582074402498 18776593629 4254
1 589997624 26135 4196872
1 6 1 412690751371081
1 619036132327650 7340077 4
1 619036134396698 5271029 4
1 62292943603182 1 40
1 62604 19 39552496777
1 62631054 1 39535412
1 636570174 1 3889822
1 657321314 94565 3767023
1 6595070 57 375453863
1 66427312706 82061 37276
1 66922850843924 17195 37
1 6959006 1 355818706
1 7168886 22473 345401574
1 74312 359 33320924053
1 75366 1 32854928061
1 755 12 3279661600300
1 77379515883831 344780872 32
1 77379528480864 47983 32
1 77380580205639 568 32
1 7835900711604 16795 316
1 79559956050 5077 31123
1 7973294 345 310554773
1 7974546415 2192 310506
1 825381502743102 73126738969 3
1 825381502753730 5945567397 3
1 825381503012228 254684571 3
1 825381511524388 7831931 3
1 825381521208634 3724685 3
1 825381610758024 636775 3
1 825384024353850 27277 3
1 825553924196672 399 3
1 8374 1 295694352547
1 8499244889 19538494 291337
1 857882 21997 2886346267
1 914719064731 687241972 2707
1 920842137683 74195644 2689
1 95 32 26064679033963
1 9548900584 203623 259312
1 9560403506666 245138551453 259
1 9882617 167502 250555547
10 119609009 20973 2070199
10 123807227808255 645655 2
10 1271 7 194818608043
10 140610136756 753122 1761
10 1639830800150 26029060320 151
10 1707685871364 81298 145
10 1947 19 127177427233
10 218176352 720054 1134928
10 247614450822674 242047361508 1
10 247614450822701 117743438337 1
10 2733633 181 90580722
10 540642905832 279214 458
10 70604345 2085 3507071
10 7550 120 32796616003
10 82538150275142 742897584 3
10 9904578032906 157215524332 25
100 101898973261 47 243
100 1289 3 19209809994
100 48509051 177 510450
1000186 2475684031 188671 1
100424 1003251 1685 24577
101 26446906429 4411494 927
101 6129612433060 7 4
1011 3054 15 801965708
1013 2444367727768 244461219 1
10159 9374578218 7 26
10177 2172391973 86650 112
10181 3002621087 32995948 81
102553 1857309435 4156 13
10257 60352553069 386 4
1026 12313261261 1 196
10339 34479636 25 6946
1036 130856878 8998 18265
104 23809100054503 3137 1
104 23810051906509 59 1
104 506576209629 28523 47
1046947 2365109703 2303950 1
10478 214145 1 1103544
105 393041930210 5 60
1052 5546077 7 424399
10532449 58774187 116 4
10635 4014306236 137 58
1066 2322837249745 344481277 1
10756 12411 1 18548911
108 11463631982616 154315452 2
108 9398962 1090 2439340
1080 4317752316 12 531
1082 24089356063 15 95
109 22717363653525 118 1
11 108708787 1842522 2070707
11 15914 35 14145032437
11 17315695861728 6984951941 13
11 17315695862197 63955264 13
11 17315700405735 6662 13
11 17316192141448 61 13
11 32157721980564 95393 7
11 44372964209 820 5073
11 5492328 29 40985179
11 5771898620575 7564742622 39
11 690503209210 299827707 326
11 955405504 40485 235611
1103 39087597 82292 57433
11075 82289157 107864 2717
1109 13407 764 166537803
1109 558193081426 142505 4
111 8489 8 2627825207
111266 2088427 3 10656
1115 6203233090 35 358
112 1126372178 4062 19628
112 3713206772 732 5954
11209 12342542 9 17898
1123 169610556081 1220219836 13
11282317 109735638 3903805 2
1128730 70765931 392867 31
11334 11498446724 145550102 19
11354 130359 143 1672962
114 16772637731 4009715 1295
1140 167081280928 556 13
11428 846380774 67222 256
1146687 23219248 1 93
11490 6157265966 3702512 35
115 1656283951991 6815983342 13
115275 346456861 472 62
11582 53448408529 1 4
116 444709867420 3312 48
11663 26538460390 3196251 8
1175 526839291581 812 4
11759 49769419 33934 4231
1177619 1051335156 137 2
118 1632636657 1 12853
118 2997753642152 3922370 7
1180 40354375949 2427623 52
12 1063648648635 9 194
12 246682681 248923 836481
12 480991551715 51481489 429
12 5227 169 39476827183
12 8971542039315 2049 23
120 196519407598 1786 105
1208 1626816270 26906 1260
120881 55512601 2928078 369
1219 55387 2 36674520
122 41434397 20321 489841
12247 919017176 1 220
1225 38942 9 51906488
123 166537803 8765154 120881
123 6710418721481 353179932716 3
1231 34680866528 62081 58
1232 9804183197 312803 205
1242024 3638023 1 548
12444048 198982237 355 1
12496 99077485164 24964 2
125724 4318150 9598 4561
126 120800 2 162681627
126 1420348406 716 13836
1261 981817863608 1707 2
1264 652993961037 19 3
12661 4161120594 1 47
12747 97126593529 28 2
12752 12136059580 40053044 16
12758 12140216 82 15987
128 136233415855 1 142
128 224431 1 86195218
128 27169773835 89669221 712
1282 1931469975217 282419941 1
1282 571271806 128 3381
12828109 193024904 994459 1
12877310 48071851 7 4
129056 19186608190 2 1
12929 2519982119 344 76
129440 4782417546 3062 4
1295445 382284776 828467 5
13 12382 5 15383028144
13 12472017711 69892 15272
13 1536255638 37 123985
13 220056378 1 865563
13 2506219170374 19517 76
13 252416396 7 754597
13 3887197031018 1826753 49
13 42177472450 1 4516
13 4429596615790 8806355101 43
13 4504923123 1024 42281
13 4778061772 1927415 39864
13 5545378319 4836 34348
13 63490884826323 140778015136 3
13 63490884848805 18100726 3
13033 189990371229 44276482 1
1308 1893076843208 175964 1
131 15258 11 1238816783
131 18901866500905 1393092 1
1316753 1880492779 4578612 1
13191 17847 42 10517997
132 8925993 195 2101578
13218 111514 4 1679890
1323253 4643314 1 403
1324731 934583893 112 2
1331 10828 1 171810493
133165 2066062304 3 9
1335192 25061124 36 74
134 2217797691 2735 8332
134 440934675 952343 41908
134 628620 1358 29395645
1340 27366 62 67524265
1340230 1847551919 2643 1
135 244557482294 230063483 75
135262 712002 2656 25711
1353 3155370310 1 580
1359518 607113332 334 3
1363 1816687093343 18350374694 1
1368 164549769559 97 11
13747 1476414233 16980 122
138 36618556594 4 490
13819036 89591796 112 2
139 10466503790 103 1702
139 17813989391738 258547 1
139 2334118274 3 7632
139 497796 1 35785722
1395 40341391228 1 44
14 11054216993476 28110 16
14 14739075917916 182 12
14 150636 230 1174138087
14 176966218343378 32 1
14 20478797 9701 8636614
14 24128113 116561 7330348
14 25248991 3 7004932
14 27139399339 783 6517
14 4526358666 128360 39075
14 7689889777101 50926422365 23
1402 10034952131 1237203 176
14175 174683968142 59 1
1418 166354502 5366320 10497
1418 334077522 10776740 5227
1420 1743763823727 3589 1
14204002 174327243 26933035 1
1426 1736426724136 1108966 1
14265 1257839200 55 138
143 136202 55 127132464
143 31783116 12821 544808
143065 1858459 28 9313
14334933 172734990 261 1
14364 172385657654 14 1
144 158250028 4 108660
144 17210387546318 2 1
144 1910679044891 5 9
14444 171430668981 575 1
1446 428102439188 2899814 4
145 487673378 426661 35017
14619 1782931735 2336758 95
1477 31098 1 53909218
148 1195050444635 22881 14
148 597525219167 95527613 28
1488117 15999469 14206 104
149581 8276935293 262 2
149939 5504781963 56666 3
15 165076783229085 5700 1
15 2417543 26 68282674
15 251262659 5843318 656987
15 25202488634 98423 6550
15 63213015 387810 2611429
150 29625403 31 557212
151 4099577000375 65072650802 4
151 7201716334 131 2277
1510 125519 3 13064403
1510 1639830811226 24512 1
15254 355981478 64132 456
1534044 807064370 338 2
1537 1655729089 4054 973
154 277738901 33 57892
1543 1553494568 3681 1033
155 141531862 773399 112873
155 1951971 2 8184100
1550 19519710 20 81841
155157 5319653678 149 3
1557 329214 21 4830689
1558 2087001 1 761528
15635 39592972631 85142 4
15681 39476827183 1273446544 4
157 44921747 16 351091
1574 91702365 53 17155
15753075 78592418 11 2
1576 224451097555 203491477 7
1579 1697156475 2458 924
158090 711949036 223722 22
1587 222895355858 1476128195 7
15913 155605134684 5019520987 1
15913 31362 1525 4961582
15970 15504975005 53825 10
16 1006713406 2335762 153727
16 1038678450348 4 149
16 154759031764166 225267877386 1
16 17989626 22 8602682
16 18979523151 32593 8154
16 383003 69 404067414
16 38689759999243 73429 4
16 51586362027657 14839 3
16 77379516937197 572947 2
160 15475903176541 192718867 1
16009 8592890486 8670945 18
1603 125597 160 12298813
1619 7149200 13 213930
1620 6476628474 18 236
162374 7624818346 5888016 2
163 18458200380 1 823
163 261915010390 113727751 58
163 7596020732081 12 2
16461 150424914849 2490 1
165 9796 7 1531945326
1655 374040276957 44 4
16662 151953253 37 978
166656 11914850 62 1247
1667758 1484714524 22 1
1668 28009419288 36 53
166806 3395347 7 4372
167 103686801582 73379 143
16725743 148043917 180 1
16843 3371632 1909 43603
1691 6737995 2 217321
17060 145143288877 2397359 1
17087 44073583 67314 3288
172 5656655798 1790 2545
173 11190753742 604285 1279
1755 470302850578 1763131 3
17563 8811651299 757602 16
175911 8113038 3 1735
17657 302885218 492525 463
177201 201451 724 69365
17741 1744648360 27 80
178 13910924288014 231232 1
17819 586526 7 236922
1786 11361111 2047 122032
179 1383320954317 365667712 10
179 512777905 35308 26977
18 1910605330436 25719242 72
18 34709328 20286 3963303
18 6878179192177 1796365 20
180 360936121 787 38113
180 719625386 2 19116
1803231 1373170996 5581 1
1807 931547836 144853 1471
181077 3418634932 7 4
1812 2440224405 40359 560
1812 3146 2 434369252
1821 13875227647 4 98
1825 1356791511357 8323874314 1
182848 13542092384 1075552 1
184 199019597 13899 67618
1845 122007613120 694555 11
185 13384564911456 8517047 1
185 402144185 23990 33283
185 956041423713 86 14
1857308 666595015 13101 2
186 6656302441507 117854467 2
18661 60396395 12272 2197
188604 3854610 18 3406
18875 32796616003 520581506 4
189 41663758 1021 314453
189121 189752340 270187 69
19 130323395169815 43441131723278 1
19 1629060302126 15 80
19 18617627881406 9059672935 7
19 33178054068 361 3928
19 43441131750853 6907976 3
19 43448461085803 26 3
19 65161697584916 50317913193 2
19 65161697587136 192367773 2
19 65161697660376 5680453 2
19 65161699313741 247968 2
19 65162149798361 948 2
19 65177011732401 28 2
19 911352424097 8124 143
190 13032339517007 672359259 1
1908 168782635 1 7689
1908 24486225473 11 53
190800 12977696584 4532968 1
1937 1278339962947 172306236 1
19457 5800474 117 21940
1954 6005773815 1423 211
196 2106012764811 1 6
1960 252667806962 56613894 5
1963748 3249814 166 388
19639 31520856312 1 4
1974148 12798828 16 98
198031 6251911344 625 2
198455 702619 158 17758
199 4147661532211 110 3
2 10215034 2628 121200992
2 103173542834341 1257 12
2 104285061840 254414 11872
2 10673036681692 1385346 116
2 10956391629511 63697359 113
2 1098555682443 7275203195 1127
2 11789523 11 105014618
2 1179995248 52270 1049218
2 1222103 23 1013067028
2 1238072254145365 4817720449 1
2 1238072264655300 14680154 1
2 1238072268793396 10542058 1
2 1238077071833691 32123 1
2 124585887206364 2 10
2 125262108 2 9883853
2 132854625412 164122 9319
2 14120869 417 87676775
2 1451283 11 853088098
2 1510 24 819915400075
2 154759031767662 689561744 8
2 154759031772703 282894831 8
2 154759031928873 14680325 8
2 154759056961728 95966 8
2 154761160411278 1136 8
2 154761623565193 933 8
2 15671800684979 19812643091 79
2 15671801423208 33590 79
2 1571157682885 1424440329 788
2 177450516571 8450427 6977
2 19097801168 407246 64828
2 1949720086167 404303 635
2 20296631298220 114 61
2 2105582273988 26 588
2 21306003 3043715 58109081
2 21346073346892 410888594 58
2 220887110458 7175620 5605
2 22957023612 98 53930
2 237334 744 5216581923
2 24761445561651 129131 50
2 247615196921229 8297 5
2 250 4 4952289016453
2 250748810959644 2 5
2 2844 2 435327796805
2 28480 94 43471638136
2 28792386638498 9692 43
2 306985731038 32 4033
2 310683167254 232 3985
2 32016349990 69149784 38670
2 32173608267 11 38481
2 32580848792488 3128262006 38
2 327966160030 5205812064 3775
2 34588820867 27737627 35794
2 3492426744 38 354502
2 3500953 45 353638639
2 37 1 33461412273331
2 3856592 2254 321027543
2 3960551307 11 312601
2 412335181 10572697 3002587
2 412690751371083 7503468206747 3
2 412690751371345 65062391829 3
2 412691752330955 17179 3
2 415576700681368 6 3
2 5693099292 2 217469
2 593801260424 22 2085
2 59551335127 2343 20790
2 619036127057239 62611118343 2
2 619098738174964 618 2
2 62237148 2 19892818
2 6477949855 6519 191121
2 6490957513 600181 190738
2 65161839022159 3031 19
2 7369477703198 38347744 168
2 759417 101 1630293046
2 77763 515 15921096847
2 853135126 744 1451203
2 87170 124 14202962649
2 88433732441899 150717651 14
2 88439031995145 149 14
2 9450933237516 872581778 131
2 95478 3080 12967094557
2 95542553372083 3 13
2 9753217 61341 126939886
20 123807225435693 63507071 1
20 123812436372451 297 1
20 436352704 1440108 283732
20 5382922843977 458394179 23
20 7737951810387 27209 16
200 852549411 197 14522
201 9557119400 20641727 1289
20157 40947636193 24446362 3
202 12259224866120 14 1
202 9831477 1 1246826
2022 6108 30 200491427
2022104 17746937 31 69
202893 871727782 2733325 14
2035 1216783610855 30 1
20354 4344783946 173300 28
2041419 606476306 15299 2
20514 120705106138 772 1
2052 24626522522 2 49
2065031 17896768 7657 67
2067 399314411829 24 3
2070199 119609009 21336 10
209 41518 1 285360118
209 789838991024 271 15
20908 7442373 240751 15913
20956 428290 2 275886
2099 4695 158 251262659
21 117911643248885 292584722702 1
21 13010222709 30 9063
21 25955794 1 4542787
21 36147039626 38657 3262
21 78608386042 1 1500
21 87539278 37 1346957
210 786083860420 10 15
2100 108763 1 10841154
21055 39201211244 12633333 3
21064898 117548374 232 1
2117455 3303380 45 354
213 11625091587918 58417545669 1
21306003 58109081 11345012 2
214 30467993 1 379768
216 18797924 2180 609835
217 163011488363 5444060 70
218 11358461283377 55085 1
219 894325 5488 12642603
21903 1215596484 141 93
22 112552023101251 27114435823 1
22 169 1 665988302374
220081 8796763 4 1279
2218 1116386162852 285010 1
22235658 55679587 2513395 2
222532 4176854 6 2664
2227457 370548793 462 3
223 1240646618 7 8950
2234 34637204961 339797 32
2239 43013316 134845 25711
224 2252744356 8124 4907
2258 6574477 1 166798
22805 67524265 145890 1608
22856 1692761548 134444 64
229 320789691 32224 33707
23 107658927030368 2489 1
23 13716205141 4 7849
23 15806 11 6811239838
23 264101150 371 407641
23 361269989662 98507 298
23 67160609407 84478754 1603
23 699084413291 14 154
23 983334919 186 109483
23164 106896817058 2 1
232 889419734840 6624 12
23326 53076920780 6392502 2
2339 96239438308 503871417 11
235 3545601 2212 2971791
2350 1053678583162 1624 1
2360 80708751898 4855246 13
237097 3481197588 163 3
2381 6081636809 7810 171
23850 1622212073 566621 64
239 2072304222807 2 5
23959 51674621406 42187 2
24 1842369426031 1282345 56
24 92188271 41 1119152
241 408332348 24707 25162
2415 118356071 2 8663
2416 3253632540 53812 315
242593 785153135 159536 13
243553 635422400 431 16
2438 110774 4 9168630
24494 1838034352 2 55
245 2526736667408 11 4
2450 77884 18 12976622
24504 3157832023 2593 32
2476 266443 937 3753367
248 998445366223 38075177 10
2484048 7276046 2 137
25 1623701316870 1527470665 61
25 17324782286 65873697 5717
25 177644342 9 557551
25 208925607 64 474072
25 24761445082265 393038810830 4
2500010 495226923 11 2
2507 12995950855 41454 76
251 126844 185 77773624
252 2840696812 1432 3459
25472696 97207791 41 1
25504 24272119160 80106088 4
2550771 7190693 8 135
256 54339547670 179338442 178
25608 48347088961 131736007 2
257 16851162 5837 571759
257 2408730172523 20 4
257 36357751238 65 265
25754620 96143702 14 1
258 5254097 1805 1826662
25858 5039964238 688 19
258880 9564835092 6124 1
259 258389283971 955458 37
25967 1833795341 1274372 52
26 11090756638 9672 8587
26 24764 10 3845757036
26 24944035422 139784 3818
26 5012438340748 39034 19
26 61 1 1561251266221
26 84354944900 2 1129
26 9556123544 3854830 9966
263 63614852284 7661 148
268 4435595382 5470 2083
268 881869350 1904686 10477
2688 192175 1 4793468
2689 24014660 123 38345
269 1153797760 3 7978
26903 171077542 3 538
2696 217900647 1121 4215
27 2865907995654 38578863 32
27 45854527930150 7094929279 2
27 52063992 30429 1761468
27 91709056274675 2048954 1
270 1079438079 3 8496
270 21732003759 73443 422
27006366 45843719 4763 2
2706 6310740620 2 145
27329 1000475 3908 90562
2755 9265794182 8106559 97
278 4668236548 6 1908
2790 80682782456 2 11
2797 125642 9 7046098
2799 1527764 509 579051
28 22108433986952 56220 4
28 29477937024337 3347 3
28 29478151835832 364 3
28 48256226 233122 1832587
28 50497982 6 1751233
28 928301693 183 95264
2804 20069904262 2474406 44
281 881190219985 22182 10
2814949 219910246 1285 4
285 215829744 2883 40255
285 41770320232 139 208
2853 251567840 11 3450
286 272404 110 31783116
286 63566232 25642 136202
287166 1437115675 7 6
2879 20477881773 4531508 42
288 316500056 8 27165
288129 49675576 55 173
28851 4768069869 417120 18
2892 856204878376 5799628 1
29 111177466855 828 768
29 4743571855116 8231495 18
29 75695295556 13636335 1128
290 688249987 59419 12406
291875 368851251 2 23
292935 309380 5 27322
293 1375533 878 6143804
29345 84380457676 947 1
294 271685813943 1357947 31
296 1195050438334 191055226 7
296 8365353404665 21007 1
2976234 31998938 28412 26
298 425829453 1 19513
2999201 412800694 393 2
3 103172687848297 194454484 8
3 104258716135852 1 8
3 1126032063782 9341951 733
3 116218162 16602595 7102001
3 12642603 77562 65285725
3 130755 186 6312427844
3 1350882172902 15 611
3 15573236166177 92268 53
3 1681024869859 82 491
3 1997482 1315 413210984
3 2127272030216 3941 388
3 2155138747 1286650 382983
3 2305537661977 196 358
3 275127167594047 573474310 3
3 275127215647481 158996 3
3 33015356645817 1140 25
3 3545154 3 232819647
3 412690751436352 263445805 2
3 413049301111629 48 2
3 415390791516 265086657 1987
3 4461521636749 6591664 185
3 44820448 13 18415289
3 4575336217 2884 180398
3 502500996 57 1642547
3 55512601 2921716 14868363
3 5784888 3381 142678908
3 65751732872 100384325 12553
3 7102001 1014572 116218162
3 74815744 109 11032190
3 75034835039945 3716 11
3 76 1 10860282930818
3 778676 2441 1059980663
3 8025567877 25158520 102844
3 825381502742332 403215194305 1
3 825381502742355 355308438546 1
3 82538150274395 3845601746 10
3 825381502948723 332984434 1
3 825381502976574 293421927 1
3 825381506039037 20862720 1
3 82538184306090 20211 10
3 825385494971808 17229 1
3 82539874164654 399 10
3 825411138356780 2321 1
3 861267655035299 2 1
3 9170906983585 6076 90
3 942669 48 875579342
3 9978257487 12318 82718
30 3452034725 53885 23910
30 36296460103 51630811 2274
300 305696919783 141 27
300 59250806 62 139303
302 8199154000750 130145301604 1
303 79340719287 13234482 103
30313 551931717 1234 148
30407 284732066 1490903 286
3047 1766630468 5 460
30508 711962956 128264 114
30543 9007863261 98987844 9
307 8065617519653 28680 1
30779 41643 98 1931877
308 555477802 66 14473
309 104070840881 2 77
3095 5161591554 79823 155
31 15150916886 27 5272
31 207473512912 1 385
31 37291028 5421 2141953
31 7261618021790 27 11
31 97799 2 816732577
310 3903942 4 2046025
3116 4174002 2 190382
3124 24769371291 6241 32
31270 79185945262 170284 1
3131 570597269 7600 1386
31362 78953654366 2546893088 1
31434 642435 3 122616
3153254 21223417 73 37
3158 3394312950 4916 231
3158 9701997 5 80817
316 69685277 167 112447
317 56538 137 138158078
3188 3034014895 10013261 256
319 83465310768 1 93
3194 3100995001 10765 250
32 4298861993499 37136309 18
32 77379519998486 146858 1
321957 7690916825 47185514 1
32225 3201634999 6915048 24
32233 19238710 41 3993
3233 1417910 1 540159
3240 12953256948 36 59
324039 557896 1 13697
32577 7988332 403 9515
327 473269210802 43991 16
3279008 755150497 15 1
3297 41723865269 378074 18
33 195916883254 1 383
33 2866216512 121455 26179
3310 748080553914 88 1
3317 186625304248 1635 4
33262 37221823931 87 2
333612 6790694 14 1093
333798 6265281 9 1184
3369 9997403 71948 73517
337 1018 5 7217691372
337 18937138703 205984 388
338 221997095937 5 33
3393 91222535672 420119 8
341 121023680754 85048265 60
341 44490729 2 163212
34174 88147166 134628 822
343 300795008288 226672953 24
343 5048307837 460 1430
3435613 16761130 1 43
3453 358550920520 11 2
3454 1466036581 5 489
3454759 22397949 28 32
346532 17218073 9635 415
34699 14272137573 3100624 5
3499 33846951 1091950 20908
3499 83177251 2683250 8508
35 11315896665 320900 6252
35 3003652 9 23553656
35 5960278 711 11869746
35 620587596047 148359454 114
35126 17623302598 1515204 4
354 1398951699563 13582055339 5
354563 211625810 451 33
35482 3489296720 54 20
35704 55961 63 1239292
3572 22722222 4094 30508
357774 494355277 113701 14
358 90157 5 76717335
3584 1552558505 1703 445
359 11624029 12 593369
36 13756358384354 3592730 5
36 3821210660872 51438484 18
36 39562507 1 1738560
360 1439250772 4 4779
361 375492750 97 18267
362154 6837269864 14 1
3624 4880448810 80718 140
3624 6292 4 108592313
362643 166537803 8784234 41
362643 2276016641 119809436 3
364 6802594803509 6781119 1
368 901749 107 7461781
369 24401522624 138911 275
37 2159271426402 1 31
37 33461412306839 3373668 2
37 36912754853 136494 1813
37 55171331036 59515999 1213
37 594 1 112664687789
37 64410803319 4276 1039
37 80428837 4798 832075
3730 663845789507 579 1
3759 6156301669 28 107
37659 8570351 13142 7672
3768687 657031085 404 1
37750 65593232006 1041163012 1
38 3258120604252 30 20
38 66356108136 722 982
382 797889489 1 8124
3830308 3941835 1 164
3851 14647 6 43898915
38914 11600948 234 5485
39 247046244461 10093820 257
39 413244499 66406 153640
39 97229542706 95 653
39234 12622442771 35 5
3927496 6499628 332 97
39278 63041712624 2 1
393 7569697 22 832348
399495 6198186912 9 1
4 107673 1363 5749223362
4 11 1 56276011550602
4 14066283 1 44008508
4 14738955406396 76695488 42
4 14786858667 1 41864
4 16347 1 37868485169
4 20430068 5256 30300248
4 206347085668682 2514 3
4 208570123680 508828 2968
4 21346073363384 2770692 29
4 2444206 46 253266757
4 259669612587 1 2384
4 28138005775301 1875867051687 22
4 287067 1 2156416889
4 29478052544529 619 21
4 2990514013105 683 207
4 309518063528321 923934517995 2
4 309518063528915 16001554233 2
4 309518063535324 1379123488 2
4 309518063545406 565789662 2
4 309518063559171 313424905 2
4 309518063857746 29360650 2
4 309518073039507 1016953 2
4 309518113923456 191932 2
4 309522320822556 2272 2
4 309523247130386 1866 2
4 3142315365770 2848880658 197
4 3496707565 39103 177034
4 3499 113 176918012877
4 354549549545 3 1746
4 38195602336 814492 16207
4 39209291261 15 15788
4 4211164547976 52 147
4 426251 1 1452280762
4 48223859 137 12836719
4 5150136667 7409 120198
4 539 1 1148490031645
4 56960 188 10867909534
4 61903612705787 3097813777 10
4 61903626808001 27435 10
4 709 23 873111603747
4 7868776139 1 78670
4 801003 1 772826228
4 8699 1 71161757335
4 9950171 1 62213617
40 15475903620774 54418 4
40 5627601155063 1138499121 11
40 872705408 2880216 70933
401027 3087254146 27 2
401915 1561294 503 3946
406 3049439050179 1469287 2
407 243356722171 6 25
40708 8689567892 346600 7
409838 28633953 329 211
41 426715 2332 141531862
41 55512601 2921718 1087929
41175 10022847635 9428870 6
417 7002354822 9 848
419 46532699641 308 127
41988 3705943 120901 15913
42 157216772084 2 375
42071 113842024 337 517
423491 660676 9 8850
42697 7249175903 108888 8
428 60935986 2 94942
43 28856 13 1995590380
432 5732037134673 15 1
4324 655467 1 873654
433 2859289270626 5270317 2
438 1884432654965 1185101 3
4397 5949 14 94661973
44 2975331 65 18914202
44 8039430224575 2132213 7
445064 8353708 12 666
4468 69274409922 679594 8
4487 1999451321 448 276
44881 2820476 3091 19561
449 250672657241 550928918 22
45151 2742070533 28 20
453 21605149002 393 253
4561 13504853 29178 40200
45610 135048530 291780 402
45712 3385523096 268888 16
45908 28462851 40553 1895
461 895207703640 5359787 6
463 618720 1 8643723
4637 76285298630 4070069 7
464 1778839469680 13248 3
465 9664324850 5 551
465667 443117884 2993 12
467 6686300926 76854039 793
47 118903868 5 443080
47 2747245435 301134 19177
47 732622 251 71911471
47 9304 9 5662502763
4717 5039 4 104175538
47700 3244424146 1133242 16
47739 4961582 161591 10454
4778311 57578330 87 9
479 190549006 37755 27129
4798 5864528357 13 88
48 184376542 82 279788
48 3684738852062 2564690 14
48 4213882039 414793 12242
48 56938569453 97779 906
48027 25778671458 26012835 2
482 5137229328547 45651 1
483 128164948079 14 40
4857 21447600 39 23770
487106 1270844800 862 4
49 50533561392559 1418406304 1
49 5053373920286 145 10
490 5053473334816 22 1
49008 6315664046 5186 8
49261 169482 1 296585
493537 3199707 4 1568
4956121 166537803 9025996 3
5 10445017 114 47412934
5 109088176 360027 4539712
5 123807225411337 121023680754 4
5 19 8 26064679033963
5 203393041 82 2434837
5 21071005 129270 23502861
5 23582328650035 216823080 21
5 247614462164316 545807 2
5 26064679033963 8688226344656 19
5 270321452916 139607 1832
5 2768730057 16986074 178865
5 3143851396 87 157523
5 324740263374 305494133 1525
5 33015260109937 439248834 15
5 3775 60 131186464012
5 400148109 158 1237614
5 41269075137571 371448792 12
5 4418 1 112093458951
5 495228901645297 165076300548434 1
5 4952289016453 78607762166 100
5 49522979620779 2768 10
5 507927078610561 2 1
5 55025594409695 1900 9
5 6039376849333 33002059286 82
5 70305068378 376561 7044
5 819915400075 13014530160 604
5 853842935682 40649 580
5 93545463013 6 5294
50 417851214 128 118518
50 49522890164530 786077621660 1
500 242545255 885 20418
5014 25991901710 82908 19
502 253688 370 19443406
503 4922956401229 12 1
5045029 245404388 423 2
51008 48544238320 160212176 1
5120 70933 251 6818011
514 4817460345046 40 1
514599 1603931416 5920465 3
518 65428439 4499 73060
519 109738 7 43476201
51934 3667590682 2548744 13
52 49528 20 961439259
52385 4726819716 10209227 10
526 127229704568 15322 37
526132 1568772677 39 3
53 549790 21 84977369
537 879471667 4 5243
5376 384350 2 1198367
54 104127984 60858 440367
54 4699481 545 9757360
54 5731815991308 77157726 8
540 2158876158 6 2124
5477 452098802200 179 1
5487 50141638283 830 9
55 254354854466 2469464607 177
556 9336473096 12 477
56 1856603386 366 23816
56 44216867973904 112440 1
56 563186089 2031 78512
5608 40139808524 4948812 11
5629898 439820492 2570 1
566 2187406810009 777105 2
5667 5749223362 72775051 76
56824 335197559 1 130
57 14480377241093 8645001338 3
57 21720565861636 274943871667 2
570 83540640464 278 52
5714 423190387 33611 1024
5717 43311955715 164684264 10
572 544808 220 7945779
5745 3078632983 1851256 140
57617 150265511 8 286
58 151390591112 27272670 282
58 222354933710 1656 192
58342 14147295307 20039 3
58587 61876 1 683050
586 2751066 1756 1535951
58637 2704346 1 15615
5864 1416986725 3 298
586441 1407441674 1616565 3
589 4203980489386 48057025 1
59 10261259410 4166163 4090
59 1498876821076 1961185 28
59 654854 7 64088409
6 11569776 6762 35669727
6 12967094557 418293373 31826
6 16051135754 50317040 25711
6 178654005381 7029 2310
6 206345375686541 4296087437 2
6 206345375696594 388908968 2
6 208517432271704 2 2
6 214719433597 3801757 1922
6 245795578421 413 1679
6 261510 372 1578106961
6 3994964 2630 103302746
6 412690751371081 58955821624441 1
6 4254544060432 7882 97
6 6320839 2707 65290502
6 690406945 10777 597750
6 9490861873 1 43483
6 99541537 15121 4145915
60 15250975123 1 2706
60 98259703799 893 420
604 813408135 13453 5040
60626 1103863434 2468 37
6094 3533260936 10 115
61 156727928360 1227 259
61 699871257402 378889 58
62 30301833772 54 1318
6241 134675646 1 2946
6248 49538742582 12482 8
6260 479071 77 825661
628 7453507347 25 529
62862 2159075 4799 18244
62868 1284870 6 30654
63 13118646401200 1 3
63 39030668127 90 1007
63 60400 1 650726508
63 710174203 358 55344
632 783590036011 35181 5
635146 556934831 47 7
6376 6068029790 20026522 64
63760 1339151583 1 29
6379 6070108 41 63948
6393 129107070662 2347401401 3
64 3095117 3 12500257
640988 104405737 475 37
641 285635903 64 13524
64450 6403269998 13830096 6
64528 9593304095 1 4
647 3789307 14 1009978
64720 2391208773 1531 16
649 381532281699 3704196916 10
649 436097 6 8748794
653649 1262728931 380 3
654 946538421604 87982 4
657 21071005 129274 178865
66 1621 1 23144565721
66 7837339009 37 4787
6603 8152238153 524 46
6609 55757 2 6719560
6634 373250608496 3270 1
664 1285021811 2596005 2902
664 821 3 4542184282
6651 372296575279 6670 1
667596 12530562 18 296
67 314310 679 117582580
670 13683 31 270097060
673 111494096166 1 33
674 2036 10 1804422843
674 37874277406 411968 97
675 1222787411470 1150317415 3
67631 356001 1328 102844
67631 778676 2653 47019
6786 182445071344 840238 2
679759 303556666 167 12
682 242047361508 170096530 15
682 88981458 4 40803
685 1152314154 11233 3137
68519 18069035656 10179777 2
686 601590016576 453345906 6
689 133104803943 8 27
69 18309278297 2 1960
6909518 44795898 56 8
6998 166354502 5366500 2127
6998 67693902 2183900 5227
7 10892656 25273 32474626
7 117911643248929 28765953464 3
7 117917396439573 244 3
7 149507580213 1060 2366
7 2263179333 64180 156300
7 353810144488241 168 1
7 359852420903 12744906 983
7 4336740903 10 81567
7 5527108496738 14055 64
7 56816008 1 6225973
7 615648368 98425 574573
7 7219080198937 202629472 49
7 7369537958958 91 48
7 75318 115 4696552348
7 88483109171689 16 4
70 22631793330 641800 1563
70 6007304 18 5888414
70252 35246605196 3030408 1
705 10636803 6636 330199
7063 116860010172 13 3
709 167038761 5388370 20908
709 83177251 2683160 41988
70956 14681069 71 2377
70964 6978593440 108 5
71 1056826509900 59117 33
71 2163210195 207542 16122
71 3875030529306 19472515223 9
713 868213362068 554483 4
71408 111922 126 309823
7143 18244910427 23430 19
7144 45444444 8188 7627
71810 11493976613 1 3
7182 86192828827 7 4
72 79125014 2 434640
72 8605193773159 1 4
723 214051219594 1449907 16
7248 9760897620 161436 35
73 32256697 70894 1051558
73 323045597945 3680886 105
7301 405198828 47 837
7346 24076703631 75475583 14
7354545 168341108 971 2
7390907 335025797 61376 1
74 904582555 3 36991
743 4661022863 2 715
7450 478916989 554953 694
7474840 25481837 299 13
75 126012443170 492115 262
75318 17140702 26284 1918
755 10771247 3494 304483
755 819915405613 12256 4
76 38195602349 11175 853
76 6516241208504 60 5
76 6861 7 4748702637
7627 177990739 32066 1824
764 1595778978 2 2031
7652313 21572079 24 15
765843 10741619 2 301
7660616 7883670 2 41
7661 64642853632 109731 5
767022 403532185 169 8
769954 535994041 5 6
775 9759855 10 327364
78 826488998 132812 38410
785 3154826575221 2 1
786 15139394 44 208087
79 31343601369956 197129568365 1
79045 355974518 111861 88
8 1602006 2 193206557
8 182254813 456779 1698271
8 243037 11 1273542973
8 28132566 2 11002127
8 29573717334 2 10466
8 309518065132359 6030017 1
8 40860136 10512 7575062
8 417140247360 1017656 742
8 503356703 1167881 614908
8 519339225174 2 596
8 559041981 11 553658
8 77379515882083 112633938693 4
8 78418582522 30 3947
8 8623835043 109162469 35891
8 8994813 11 34410728
80 30951807241548 108836 1
801 124554434 5 24819
803 12079447 26550 255278
803406 3082058771 1031 1
80603 176553175 51006 174
8082437 13320049 362754 23
810 3238314237 9 944
81151 30512803394 782381655 1
81187 3812409173 2944008 8
82 475339379 3 63527
821 1039286824 2099571 2902
821053 51996822 38413 58
8235 2004569527 1885774 150
828245 9032109 38 331
83 1420673149913 4 21
83 29833066364200 3525117141 1
83328 5957425 31 4988
833879 742357262 11 4
834 14004709644 18 212
8397 4583292 1527 64339
8452 419953 235 697615
8508 18289273 590251 15913
85394 14498351806 217776 2
8547 144854598586 13929667 2
85483 97882 403 295933
856 5880627 37 491902
86 2828327899 895 10180
86 57712 26 498897595
86553 14304209607 1251360 2
87 14230715565348 24694485 2
873 2837175030910 1 1
89 2272655586 5 12242
89 6955462144007 115616 4
8936 138548819844 1359188 2
8974 3998902642 896 69
9 169503773 53186 1623133
9 17354664 10143 15853212
9 2276016641 119790350 120881
9 275127167580731 725929202060 1
9 27512720950755 18228 10
9 6710418721481 353179932710 41
9 911678230 73 301781
9 91192299497 1465478 3017
9 955302665218 12859621 288
90 359812693 1 76464
90 7244001253 24481 3798
900 28960839163 1 95
900 917090759349 423 3
90302 5484141066 56 5
906 1573 1 1737477008
907 2730038047111 1356358 1
91 1943598542769 13780 14
91 27210379217126 12787271 1
91 374855408 32229 72589
9122 27009706 58356 10050
91424 6771046192 537776 4
91629 27023589783 296963532 1
919 2694463405671 10 1
919 3030810019 119422 889
92 54045410133 5567 498
92337 124929 294 214653
929 16166 1 164876097
93 12490 1 2131722159
93 1932864970 1 13775
931334 886235768 5986 3
934 2651121286259 239 1
9393 1711791807 22800 154
94 237807736 10 110770
94302 1927305 9 13624
947 60807556783 1318 43
95 26064679033963 8688226344686 1
95 71943248 961 362295
95177 215009973 209450 121
95400 6488848292 2266484 4
9596 11729056714 26 22
96 12896585980497 111408927 2
96 368753084 164 69947
9617 1589356623 139040 162
966 256329896158 28 10
97 25527262972016 108042303 1
97 25529531859770 29 1
974212 2541689600 1724 1
98 189975795373 5481 133
98 90561937981 452649 279
980 126333903481 28306947 20
98016 12631328092 10372 2
981 1109 110 2276016641
981874 1624907 83 1552
987074 6399414 8 392
9882617 22777777 553566 11
9891 125171595807 1134222 2
99 12524567761 28 1997
9997531 41279267 18 6
