1 5 2 70993
1 6 1 59161
1 22 1 16135
1 65 22 5461
1 142 1 2500
1 198 1 1793
1 215 72 1651
1 606 1 586
1 635 212 559
1 1000 7 355
1 1278 1 278
1 2222 1 160
1 2351 16 151
1 2795 932 127
1 3116 3 114
1 4686 1 76
1 5298 757 67
1 5468 3 65
1 8255 2752 43
1 8267 4 43
1 8452 107 42
1 10142 441 35
1 13147 692 27
1 14342 1 25
1 19998 1 18
1 27305 9102 13
1 35501 194 10
1 39445 242 9
1 50734 73 7
1 51074 5 7
1 118348 371 3
1 129078 1 3
1 177507 892 2
1 178374 25 2
1 354965 118322 1
1 473286 1 1
2 201 29 883
2 284 2 625
2 2863 15 62
2 4444 2 40
2 9372 2 19
2 9883 3 18
2 13657 29 13
2 25405 9 7
2 35503 135 5
2 61733 1 3
2 177483 25355 1
2 177487 4551 1
2 177575 239 1
2 177721 93 1
2 182033 5 1
2 202837 1 1
3 67 10 1766
3 172 1 688
3 508 1 233
3 2236 1 53
3 6604 1 18
3 39441 2076 3
3 59161 8452 2
3 59994 3 2
3 118324 3817 1
3 118335 726 1
4 8888 4 10
5 13 6 5461
5 43 16 1651
5 127 44 559
5 559 188 127
5 710 5 100
5 1651 552 43
5 5461 1822 13
5 70993 23666 1
5 70996 1127 1
5 71027 104 1
5 71710 5 1
6 344 2 172
6 883 127 67
6 29649 9 2
6 59515 7 1
8 199 1 223
9 19812 3 2
10 1420 10 25
10 17973 1 2
11 35 2 922
11 16135 702 2
11 16227 2 2
12 688 4 43
13 215 76 127
13 635 216 43
13 27305 9106 1
14 55 3 461
14 25355 1103 1
18 37 1 533
19 108 1 173
22 461 21 35
25 3550 25 4
31 1041 16 11
35 5071 222 2
41 234 5 37
43 65 36 127
43 635 226 13
43 8255 2766 1
44 1345 3 6
50 7100 50 1
53 609 2 11
55 6454 283 1
65 127 64 43
65 5461 1842 1
67 2649 388 2
78 1517 29 3
127 215 114 13
127 2795 974 1
137 2591 248 1
147 604 1 4
172 2067 1 1
201 1766 281 1
215 1651 622 1
223 398 3 4
294 1208 2 1
401 886 1 1
446 796 6 1
559 635 398 1
