1 6 1 17097445
1 11 4 9325879
1 23 8 4460203
1 61 2 1681716
1 194 5 528787
1 258 37 397615
1 566 81 181245
1 821 2 124951
1 1163 4 88207
1 1469 42 69833
1 1686 241 60845
1 2341 2 43821
1 8490 1213 12083
1 9549 10 10743
1 21995 468 4664
1 24338 3477 4215
1 38379 4 2673
1 46821 82 2191
1 72498 10357 1415
1 90464 15 1134
1 130515 268 786
1 159046 22721 645
1 365070 52153 281
1 367687 19352 279
1 405473 135158 253
1 560572 18083 183
1 907829 25938 113
1 1315194 709 78
1 1367808 367 75
1 1602886 11209 64
1 2385690 340813 43
1 4885038 1081 21
1 5399194 76045 19
1 6838978 976997 15
1 7891165 4138 13
1 9325880 198423 11
1 10258520 4823 10
1 12837411 28 8
1 14654957 119146 7
1 25646365 8098 4
1 25654265 198 4
1 34195013 23058 3
1 34199501 618 3
1 102584669 34194890 1
1 102584670 14654953 1
1 102584820 169003 1
1 102587855 8048 1
1 102592716 3187 1
1 102753671 152 1
1 117239621 2 1
1 136779558 1 1
2 5 1 10258467
2 109 1 470572
2 122 4 420429
2 215 31 238569
2 1405 201 36507
2 2725 1 18823
2 31623 23 1622
2 43990 936 1166
2 60415 8631 849
2 75541 1937 679
2 85345 981 601
2 789619 3 65
2 1251033 8285 41
2 3205772 22418 16
2 3205853 305 16
2 3206773 25 16
2 25646223 28655 2
2 25674822 56 2
2 51292730 16196 1
2 51308530 396 1
3 5975 14 5723
3 7023 6 4869
3 115137 12 297
3 145511 62 235
3 271392 45 126
3 1103061 58056 31
3 1799815 94 19
3 3800689 28 9
3 17840812 1 2
3 37303516 1 1
4 218 2 117643
4 12747 1 2012
4 312763 49 82
4 676011 1 38
4 6411544 44836 4
4 6411706 610 4
4 6413546 50 4
5 86 13 238569
5 169 2 121402
5 562 81 36507
5 849 122 24166
5 24166 3453 849
5 36507 5216 562
5 195411 8 105
5 238569 34082 86
5 822322 1 25
5 6839040 1835 3
5 10258467 1465496 2
5 10258471 61428 2
5 20517037 9926 1
5 20645971 8 1
5 21043009 2 1
6 43 7 397615
6 281 41 60845
6 1415 203 12083
6 12083 1727 1415
6 60845 8693 281
6 397615 56803 43
6 1424795 623 12
6 2137181 27053 8
6 5699149 103621 3
6 17097445 2442493 1
8 415 9 30899
8 14045 299 913
8 25494 2 503
8 183187 885 70
8 557527 465 23
8 12823088 89672 1
8 12823205 3299 1
8 12823412 1220 1
8 12823803 557 1
8 12827092 100 1
8 12833923 37 1
9 2851 52 3998
9 14302 1 797
9 21069 18 541
9 74015 152 154
9 150005 2 76
9 345411 36 33
9 814176 135 14
9 876820 67 13
9 2280166 25 5
9 5699170 3637 2
9 11402067 84 1
10 102587 11 100
11 83 2 112360
11 2809 60 3320
11 35192 749 265
11 4662948 6209 2
11 9325879 3108630 1
12 2849590 1246 3
12 4274362 54106 2
12 4274363 24425 2
13 358688 899 22
13 1972895 84 4
14 11187 23 655
15 566 83 12083
15 24338 3479 281
15 159046 22723 43
15 6838978 976999 1
15 6839012 3341 1
16 379 5 16917
18 300010 4 19
19 1116 1 4838
20 205174 22 25
20 233147 4961 22
22 166 4 28090
22 5618 120 830
22 56873 1 82
23 2230102 23475 2
23 4460203 1486742 1
25 77423 24 53
25 1026007 16 4
25 4111610 5 1
26 3945790 168 1
29 4761 2 743
30 856657 1 4
32 41101 3 78
32 458479 1 7
33 345403 3796 9
35 108557 16 27
38 21597 5 125
39 239126 155 11
43 566 87 4215
43 1686 247 1415
43 8490 1219 281
43 159046 22727 15
43 1194002 3 2
43 2385690 340819 1
47 18656 1 117
50 512935 55 4
50 2052014 32 1
53 88 3 21995
60 1713314 2 1
67 227 2 6745
77 2358 5 565
83 4664 101 265
86 1405 213 849
89 288160 247 4
99 1036209 11388 1
100 1025870 110 1
105 325671 48 3
110 103621 213 9
113 43230 89 21
123 14632 13 57
141 55968 3 13
157 326703 1108 2
161 26549 10 24
164 156391 5 4
174 589571 215 1
178 576320 494 1
190 107985 25 5
215 562 111 849
215 849 152 562
215 238569 34112 2
253 405473 135242 1
258 281 77 1415
258 1415 239 281
258 397615 56839 1
281 566 121 645
281 8490 1253 43
281 24338 3517 15
281 365070 52193 1
291 352828 1 1
322 53098 20 6
328 312782 10 1
330 310863 639 1
341 300835 1128 1
350 977 1 300
424 21995 477 11
487 3144 1 67
517 7937 2 25
524 195791 5 1
566 645 173 281
566 4215 683 43
566 12083 1807 15
566 181245 25973 1
583 4399 106 40
601 1313 22 130
645 159046 22813 1
700 1954 2 75
729 140720 167 1
740 34657 171 4
849 1405 322 86
849 60415 8752 2
888 115525 19 1
1166 8798 212 10
1405 36507 5416 2
1415 1686 443 43
1415 72498 10559 1
1480 69314 342 1
1681 4359 40 14
1686 60845 8933 1
1750 4885 5 12
2585 39685 10 1
2947 3481 4 10
3138 8173 1 4
3152 16273 15 2
3193 32128 247 1
3500 9770 10 3
4017 25538 5 1
4215 24338 4079 1
6276 16346 2 1
6621 15494 5 1
8490 12083 2939 1
8990 11411 23 1
9595 10692 1 1
