1 5 2 5929393825
1 6 1 4941161521
1 14 1 2117640652
1 54 1 549017947
1 78 1 380089348
1 125 42 237175753
1 126 1 235293406
1 164 11 180774202
1 182 1 162895435
1 311 104 95327875
1 702 1 42232150
1 873 46 33959873
1 1049 350 28262125
1 1134 1 26143712
1 1338 13 22157675
1 1484 99 19977742
1 1638 1 18099493
1 1774 25 16711933
1 2846 1 10417066
1 3635 1212 8155975
1 4971 4 5963985
1 7775 2592 3813115
1 7899 100 3753256
1 8293 754 3574939
1 9321 118 3180664
1 14742 1 2011055
1 17384 1159 1705417
1 18523 1684 1600549
1 25614 1 1157452
1 26225 8742 1130485
1 32507 4644 912018
1 33918 1 874078
1 36998 1 801313
1 57789 10 513021
1 59766 1 496051
1 76310 417 388507
1 79142 1 374605
1 79639 8 372267
1 90875 30292 326239
1 95177 174 311493
1 175792 479 168648
1 226097 75366 131125
1 230526 1 128606
1 305262 1 97120
1 332982 1 89035
1 440934 1 67237
1 537894 1 55117
1 712278 1 41623
1 762623 254208 38875
1 776958 1 38158
1 848171 21748 34954
1 858064 1535 34551
1 1028846 1 28816
1 1631195 543732 18175
1 1657459 47356 17887
1 2617374 25 11327
1 2996838 1 9893
1 3410834 227389 8692
1 3968406 1 7471
1 5652425 1884142 5245
1 6410502 1 4625
1 6992622 1 4240
1 9141840 127 3243
1 9259614 1 3202
1 9912111 16 2991
1 10009274 5 2962
1 13164729 5638 2252
1 14050835 12 2110
1 16088438 1 1843
1 19065575 6355192 1555
1 39955484 2663699 742
1 40779875 13593292 727
1 83336526 1 356
1 100502459 20 295
1 117646703 926352 252
1 144795942 1 205
1 209149694 1 142
1 337857198 1 88
1 361548404 24103227 82
1 520166139 52 57
1 549017951 597408 54
1 1058820523 47956 28
1 1098035894 19964289 27
1 1185878765 395292922 25
1 1303163478 1 23
1 1347644199 280 22
1 1852937855 12672 16
1 1852951781 1786 16
1 1857080840 7 16
1 1882347246 1 16
1 2470590031 5552 12
1 2475738549 10 12
1 3040714782 1 10
1 4235281304 282352087 7
1 4392143574 1 7
1 4941161525 47972442 6
1 5930779521 214 5
1 7411742430 3110257 4
1 7414852538 149 4
1 14823484563 2117640652 2
1 14823484685 15079842 2
1 14823490583 307752 2
1 14823792314 6021 2
1 14838564404 123 2
1 16941125214 1 2
1 29646969125 9882323042 1
1 29646969132 956353843 1
1 29646969242 62944733 1
1 29646970341 6091426 1
1 29653060550 1217 1
1 29709913857 118 1
1 30603322967 8 1
1 39529292166 1 1
2 28 2 529410163
2 156 2 95022337
2 2173 145 6821668
2 2268 2 6535928
2 15798 200 938314
2 18642 236 795166
2 51228 2 289363
2 152003 21715 97521
2 339055 1119 43720
2 351584 958 42162
2 388507 2123 38155
2 401971 10307 36877
2 610524 2 24280
2 1380473 5 10738
2 1662945 29 8914
2 1887861 23897 7852
2 2057692 2 7204
2 4328025 509 3425
2 6821668 454778 2173
2 13985244 2 1060
2 18210669 587441 814
2 26329458 11276 563
2 57904247 2711 256
2 120516135 351359 123
2 162895435 890139 91
2 166673052 2 89
2 211764067 207003 70
2 235293406 1852704 63
2 529410163 35294011 28
2 529883273 5 28
2 617645195 654979 24
2 675714396 2 22
2 2117641046 95912 7
2 3705871279 836351 4
2 3705872123 117875 4
2 3705875710 25344 4
2 3705903562 3572 4
2 3706122369 461 4
2 3714161680 14 4
2 3764694492 2 4
2 4941180062 11104 3
2 4951477098 20 3
2 14823484565 644499329 1
2 14823484860 6220514 1
2 14829705076 298 1
2 15467983891 3 1
3 2792 5 3539514
3 2908 1 3398323
3 6220 1 1588798
3 14913 12 662665
3 26210 11 377044
3 72700 1 135933
3 155500 1 63552
3 238917 24 41363
3 1304956 1 7573
3 2574192 4605 3839
3 6755027 2 1463
3 11820982 55 836
3 15252460 1 648
3 27000883 16474 366
3 32623900 1 303
3 340770458 1403 29
3 352940109 2779056 28
3 381311500 1 26
3 1411760581 114712 7
3 1647053853 1792224 6
3 3294107682 59892867 3
3 9882323042 1411760435 1
3 9882325354 356107 1
4 41 3 180774202
4 371 25 19977742
4 4346 290 1705417
4 4536 4 1633982
4 15583 109 475630
4 678110 2238 10930
4 1221048 4 6070
4 3775722 47794 1963
4 4115384 4 1801
4 4670285 20943 1587
4 9988871 665925 742
4 27970488 4 265
4 90387101 6025807 82
4 115808494 5422 64
4 164707605 103 45
4 224598251 7245105 33
4 741219205 103 10
4 1058820326 70588022 7
4 1059766546 10 7
4 1235290390 1309958 6
4 3705871281 824443 2
4 3705960021 1303 2
4 3706060071 613 2
4 3825415371 1 2
4 7411742285 117646703 1
4 7411742309 16581079 1
4 7411742558 1672702 1
4 7411743203 502457 1
4 7411744246 235750 1
4 7411749425 64843 1
4 7411751420 50688 1
4 7411792969 9139 1
4 7411807124 7144 1
4 7411978031 1965 1
4 7412244738 922 1
4 7413414983 277 1
4 7428323360 28 1
4 7529388984 4 1
5 25 10 237175753
5 727 244 8155975
5 1555 520 3813115
5 3510 5 1689286
5 5245 1750 1130485
5 6690 65 886307
5 18175 6060 326239
5 79539 488 74547
5 326239 108748 18175
5 974108 31 6087
5 1034077 14 5734
5 1130485 376830 5245
5 1732729 18 3422
5 3813115 1271040 1555
5 8155975 2718660 727
5 29795966 437 199
5 32052510 5 185
5 211764187 3104 28
5 237175753 79058586 25
5 659083077 14 9
5 2964696913 128899866 2
5 5929393825 1976464610 1
5 5929929017 554 1
6 52420 22 94261
6 311000 2 15888
6 23641964 110 209
6 30504920 2 162
6 37163233 1 133
6 411873469 13 12
6 705880218 5558112 7
6 988382059 55 5
6 2470582877 24317 2
7 8 1 529410163
7 53 4 79910968
7 553994 7 7645
7 666239 1218 6357
7 1949048 129937 2173
7 3648072 1 1161
7 12912443 860830 328
7 63213165 3004 67
7 141194720 9 30
7 184142666 452439 23
8 48167 1 76938
8 1705417 113695 2173
8 19504587 1565 190
8 48761515 381 76
8 231616988 10844 16
8 1855571325 11 2
9 44309 2 74344
9 1819949 5306 1810
9 45757380 3 72
9 3294107686 16553305 1
10 733 1 4044607
10 21640125 2545 137
10 53928093 1 55
10 423528374 6208 7
10 494803379 3 6
11 6070223 195814 444
11 6402196 1 421
11 299464641 2468 9
11 673800670 647 4
11 1347591310 8487 2
12 1963 25 1258574
12 622000 4 3972
12 494122815 309 5
12 823746938 26 3
13 1229 46 1855603
13 329891 16 6913
13 2280536087 84464300 1
14 106 8 19977742
14 243631 16243 8692
14 25824886 1721660 82
14 75630531 95 28
15 238617 1464 8283
15 659279369 8 3
15 1977249231 42 1
16 11367703 9481 163
16 97523030 762 19
16 463233976 21688 4
18 88618 4 18586
18 345005 161 4774
18 479771 2411 3433
18 91514760 6 18
19 408473 84 3820
19 1600387 2 975
21 4568804 35975 309
21 10944216 3 129
21 1411760449 1158130 1
22 12140446 391628 111
22 1347601340 1294 1
23 589122 23 2188
23 1147819 6 1123
24 397583 5033 3107
24 469157 5939 2633
24 1244000 8 993
25 311 112 3813115
25 1049 358 1130485
25 3635 1220 326239
25 226097 75374 5245
25 762623 254216 1555
25 1631195 543740 727
25 1185878765 395292930 1
27 33273815 204134 33
27 137272140 9 8
28 487262 32486 2173
28 105882197 575 10
28 151261062 190 7
29 1753 18 583177
30 57539 23 17175
30 39542473 1 25
31 9762 7 97967
31 10745549 4740 89
32 6713535 1169 138
32 926467952 43376 1
33 898393923 7404 1
33 899366344 7 1
35 71548 1 11839
37 7351097 362 109
37 18634178 577 43
38 816946 168 955
39 139816 1 5437
39 760223404 109 1
41 424 31 1705417
41 974524 64971 742
41 103299544 6886639 7
41 180774205 91162 4
43 3887 30 177377
43 8744 29 78850
44 111 5 6070223
46 1178244 46 547
46 3190603 7 202
46 322257149 117 2
46 323127729 1 2
46 644499329 16525625 1
47 210262193 592288 3
48 444991 1 1388
53 82 9 6821668
53 1705417 113698 328
53 19977742 1331853 28
54 274544280 18 2
55 2041814 3 264
58 4331819 9691 118
59 32106 35 15651
62 239089419 503 2
64 146223 1 3168
66 224598251 7245107 2
67 442492655 2854 1
70 5131 7 82543
73 11281344 7 36
73 14004788 3 29
75 1626731 2 243
79 15013024 1 25
80 370587127 89449 1
82 358679 39 1008
82 12912443 860835 28
82 361548410 182324 1
83 109300 361 3268
86 57464647 3 6
88 4813015 1 70
92 24788473 139 13
92 107416555 481689 3
95 8001935 10 39
96 889982 2 347
99 99827447 14 3
99 299491345 28 1
101 293534660 2327 1
106 164 18 1705417
106 3410834 227396 82
106 39955484 2663706 7
110 4083628 6 66
111 22257485 6212 12
112 22079 1 11989
121 44883 4 5459
125 727 284 326239
125 326239 108788 727
125 237175753 79058626 1
127 1008 1 231588
127 4863348 4285 48
128 292446 2 792
146 22562688 14 9
150 287695 115 687
150 197712365 5 1
155 411 2 465379
156 239 5 795166
161 694878 233 265
164 243631 16253 742
164 717358 78 252
164 25824886 1721670 7
166 218600 722 817
166 89301639 19 2
169 2220622 1 79
172 24623729 10403 7
177 96318 105 1739
190 5279 3 29558
192 116713 103 1323
192 438669 3 352
193 1373 2 111880
194 38205119 47 4
202 14676719 1127 10
206 10279809 80945 14
213 5567506 4273 25
215 43720 145 3154
216 919 1 149352
219 33844032 21 4
222 44514970 12424 3
223 13294605 129076 10
225 4880193 6 27
228 10003195 1 13
239 15798 203 7852
246 1076037 117 112
251 418849 132 282
254 2016 2 57897
254 9726696 8570 12
256 584892 4 198
267 5844128 5 19
307 127401 4 758
308 8021375 61 12
311 727 346 131125
311 5245 1852 18175
311 18175 6162 5245
311 131125 43812 727
311 3813115 1271142 25
311 95327875 31776062 1
319 2445716 2685 38
328 1434716 156 63
328 6025807 1145 15
335 7374868 7821 12
338 461647 95 190
356 27759467 49 3
359 20647319 2 4
371 974524 64993 82
379 8691577 95516 9
381 3024 3 25732
384 877338 6 88
386 2746 4 27970
388 76410238 94 1
395 75065120 5 1
407 36421338 1174895 2
424 9988871 665953 7
432 1838 2 37338
437 9691726 117 7
438 67688064 42 1
443 5147937 21908 13
453 5034296 63731 13
478 31596 406 1963
487 129525 4 470
492 2152074 234 28
508 19453392 17140 3
551 4004 5 13438
557 87256 11 610
576 350139 309 147
607 24421284 13 2
616 16042750 122 3
670 14749736 15642 3
671 44191495 2 1
675 14640579 18 3
718 41294638 4 1
721 3426614 9 12
727 1049 592 38875
727 7775 2834 5245
727 26225 8984 1555
727 1631195 543974 25
727 40779875 13593534 1
762 6048 6 6433
768 1754676 12 22
801 6168742 313 6
868 207003 97 165
899 7317 8 4507
984 4304148 468 7
985 15049223 20256 2
1049 1555 868 18175
1049 18175 6408 1555
1049 38875 13308 727
1049 1130485 377178 25
1049 28262125 9421058 1
1064 27863693 30587 1
1065 27837530 21365 1
1093 1634 9 16600
1093 8300 31 3268
1099 26976500 33 1
1137 26074731 286548 1
1180 5025123 1 5
1219 22645 8 1074
1229 24122839 893484 1
1230 44389 133 543
1230 6026113 1 4
1243 23855940 1 1
1291 22964379 130 1
1344 816991 721 27
1434 1963 43 10532
1442 6853228 18 3
1463 20264677 20 1
1484 243631 16341 82
1512 6433 7 3048
1555 3635 1730 5245
1555 26225 9260 727
1555 762623 254726 25
1555 19065575 6355710 1
1577 751984 2487 25
1647 174763 46 103
1799 10417 8 1582
1886 654979 495 24
1993 345943 2656 43
2075 83068 281 172
2173 487262 32629 28
2186 3268 18 4150
2186 16600 62 817
2458 1723085 1 7
2460 12052226 2 1
2776 166871 193 64
2797 264989 342 40
2868 3926 86 2633
2868 397583 5069 26
3024 12866 14 762
3259 3032337 4 3
3443 8610799 182 1
3635 5245 2960 1555
3635 326239 109958 25
3635 8155975 2719870 1
3685 8045447 4 1
3772 1309958 990 6
3838 9993 1 773
4032 2450973 2163 3
4150 166136 562 43
4241 2330187 7604 3
4337 2278619 4 3
4346 974524 65258 7
4529 2182010 733 3
5131 82543 118 70
5245 7775 4340 727
5245 226097 77114 25
5245 5652425 1885890 1
5465 8170 45 664
5552 333742 386 16
5594 529978 684 10
6308 27325 111 172
7118 260317 5 16
7267 4079671 31198 1
7461 496699 160 8
7775 3813115 1273630 1
7885 3759920 12435 1
8440 1170903 1 3
9955 1489068 1 2
10799 85792 33 32
10930 16340 90 166
10987 337296 949 8
11104 667484 772 4
11964 619507 1 4
12235 605782 79 4
12453 2380709 11342 1
12616 54650 222 43
14236 520634 10 4
14359 172058 63 12
14771 1003554 11 2
14922 993398 320 2
16819 587570 3 3
17384 243631 17401 7
18175 1631195 549790 1
18248 162467 5 10
18623 530652 5 3
18773 394810 1 4
20767 57104 257 25
21598 171584 66 8
21974 674592 1898 2
22208 1334968 1544 1
23928 1239014 2 1
24470 1211564 158 1
26225 1130485 385570 1
26513 74547 620 15
28472 1041268 20 1
28718 344116 126 3
30856 73909 115 13
32507 456009 69788 2
37546 789620 2 1
38875 762623 267166 1
43196 343168 132 2
44125 671887 4 1
49131 603427 58 1
86155 114704 213 3
86561 171249 254 2
90875 326239 139038 1
97521 304006 57361 1
103835 285520 1285 1
131125 226097 119074 1
