T=100000000000 y=933 q=937*941=881717 events=1837265 classes=604135 HCAP=2048
 X     max_tot(h>X)  max_m1(h>X)  max_m>1(h>X)   X^-1/3   argmax_tot(c,h)
    1      0.23654      0.13198      0.10483    1.0000   (881709, 2)
    2      0.15990      0.13150      0.09377    0.7937   (881697, 5)
    4      0.15990      0.06613      0.09377    0.6300   (881697, 5)
    8      0.12241      0.04489      0.07751    0.5000   (881393, 9)
   16      0.05674      0.02212      0.04126    0.3969   (881333, 24)
   32      0.03180      0.01388      0.02334    0.3150   (197738, 34)
   64      0.01926      0.00698      0.01430    0.2500   (878337, 65)
  128      0.01346      0.00506      0.01013    0.1984   (881193, 131)
  256      0.00674      0.00269      0.00594    0.1575   (880521, 299)
  512      0.00401      0.00245      0.00348    0.1250   (790566, 1086)
 1024      0.00401      0.00195      0.00348    0.0992   (790566, 1086)
heaviest m>1 parts: (c, h, total, m>1 part)
     881709  h=     2  0.23654  0.10483
     440858  h=     2  0.23654  0.10483
     881715  h=     2  0.23654  0.10483
     551073  h=     2  0.23654  0.10483
     881697  h=     5  0.15990  0.09377
     573116  h=     5  0.15990  0.09377
     799056  h=     4  0.15469  0.08877
     881685  h=     4  0.15469  0.08877
