T=10000000000 y=331 q=337*30011=10113707 events=11819 classes=10221 HCAP=2048
 X     max_tot(h>X)  max_m1(h>X)  max_m>1(h>X)   X^-1/3   argmax_tot(c,h)
    1      0.04089      0.04089      0.00000    1.0000   (3792640, 2)
    2      0.03731      0.03731      0.00000    0.7937   (10113695, 3)
    4      0.02309      0.02309      0.00000    0.6300   (4635449, 6)
    8      0.01218      0.01218      0.00000    0.5000   (10113655, 13)
   16      0.00730      0.00730      0.00000    0.3969   (5631895, 24)
   32      0.00513      0.00513      0.00000    0.3150   (2852584, 39)
   64      0.00436      0.00436      0.00000    0.2500   (4203099, 77)
  128      0.00315      0.00315      0.00000    0.1984   (6698515, 2049)
  256      0.00315      0.00315      0.00000    0.1575   (6698515, 2049)
  512      0.00315      0.00315      0.00000    0.1250   (6698515, 2049)
 1024      0.00315      0.00315      0.00000    0.0992   (6698515, 2049)
heaviest m>1 parts: (c, h, total, m>1 part)
   10113703  h=     1  0.07925  0.00000
    4635449  h=     6  0.02309  0.00000
    5631895  h=    24  0.00730  0.00000
   10113695  h=     3  0.03731  0.00000
    3792640  h=     2  0.04089  0.00000
    6781978  h=    24  0.00730  0.00000
   10113671  h=     3  0.03731  0.00000
    1264213  h=    24  0.00730  0.00000
