T=1000000000 y=331 q=337*347=116939 events=103145 classes=48004 HCAP=1024
 X     max_tot(h>X)  max_m1(h>X)  max_m>1(h>X)   X^-1/3   argmax_tot(c,h)
    1      0.18813      0.10998      0.07815    1.0000   (116931, 2)
    2      0.11760      0.10537      0.06391    0.7937   (116919, 5)
    4      0.11760      0.05768      0.06391    0.6300   (116919, 5)
    8      0.06558      0.03458      0.04022    0.5000   (116615, 9)
   16      0.03381      0.02026      0.01713    0.3969   (69128, 24)
   32      0.02291      0.01093      0.01328    0.3150   (111350, 34)
   64      0.01311      0.00738      0.00885    0.2500   (115239, 85)
  128      0.01269      0.00493      0.00885    0.1984   (100119, 145)
  256      0.00744      0.00410      0.00670    0.1575   (105240, 510)
  512      0.00670      0.00364      0.00670    0.1250   (73373, 1025)
heaviest m>1 parts: (c, h, total, m>1 part)
     116931  h=     2  0.18813  0.07815
      43852  h=     2  0.18813  0.07815
      58469  h=     2  0.18813  0.07815
     116937  h=     2  0.18813  0.07815
     116919  h=     5  0.11760  0.06391
     111092  h=     5  0.11760  0.06391
     116907  h=     4  0.11299  0.05623
      10963  h=     4  0.11299  0.05623
