# part (i)  X=100000 samples=200 eta=0.25
# uniform total mass by type: dom=29.311 gapM=10.411 gapB=3.776 twin=5.715
# band [a,b) of top primes p > 30 | type | sum Mu | sum E_seq p | K=ratio | max_p max_h p(h) | max_p max_h p(h)*sqrt(p) | frac(p(h)>1/4)
[32,64) dom   | 9.687e-01 | 7.930e-01 |  0.82 | 2.766e-01 | 1.896 | 0.143
[32,64) gapM  | 1.011e+00 | 6.973e-01 |  0.69 | 2.683e-01 | 1.750 | 0.003
[32,64) gapB  | 8.477e-01 | 4.631e-01 |  0.55 | 2.791e-01 | 1.830 | 0.001
[32,64) twin  | 9.951e-01 | 6.365e-01 |  0.64 | 2.703e-01 | 1.664 | 0.001
[32,64) all   | 3.823e+00 | 1.970e+00 |  0.52 | 5.532e-01 | 3.792 | 0.627
[64,128) dom   | 1.409e+00 | 1.146e+00 |  0.81 | 2.113e-01 | 1.800 | 0.000
[64,128) gapM  | 1.448e+00 | 9.801e-01 |  0.68 | 2.152e-01 | 1.913 | 0.000
[64,128) gapB  | 9.762e-01 | 5.779e-01 |  0.59 | 1.940e-01 | 1.588 | 0.000
[64,128) twin  | 1.125e+00 | 7.915e-01 |  0.70 | 1.940e-01 | 1.590 | 0.000
[64,128) all   | 4.958e+00 | 2.794e+00 |  0.56 | 4.507e-01 | 3.798 | 0.309
[128,256) dom   | 2.075e+00 | 1.713e+00 |  0.83 | 1.976e-01 | 2.911 | 0.000
[128,256) gapM  | 1.899e+00 | 1.354e+00 |  0.71 | 1.377e-01 | 1.914 | 0.000
[128,256) gapB  | 6.177e-01 | 4.054e-01 |  0.66 | 9.160e-02 | 1.048 | 0.000
[128,256) twin  | 8.267e-01 | 6.908e-01 |  0.84 | 1.221e-01 | 1.398 | 0.000
[128,256) all   | 5.418e+00 | 3.523e+00 |  0.65 | 3.174e-01 | 4.101 | 0.027
[256,512) dom   | 2.451e+00 | 2.001e+00 |  0.82 | 1.365e-01 | 2.879 | 0.000
[256,512) gapM  | 2.385e+00 | 1.723e+00 |  0.72 | 1.061e-01 | 1.953 | 0.000
[256,512) gapB  | 5.096e-02 | 3.700e-02 |  0.73 | 2.952e-02 | 0.486 | 0.000
[256,512) twin  | 5.252e-01 | 4.693e-01 |  0.89 | 4.886e-02 | 0.856 | 0.000
[256,512) all   | 5.412e+00 | 3.814e+00 |  0.70 | 2.319e-01 | 4.222 | 0.000
[512,1024) dom   | 2.754e+00 | 2.211e+00 |  0.80 | 1.127e-01 | 3.211 | 0.000
[512,1024) gapM  | 1.708e+00 | 1.333e+00 |  0.78 | 5.861e-02 | 1.391 | 0.000
[512,1024) twin  | 2.047e-02 | 1.834e-02 |  0.90 | 1.280e-02 | 0.299 | 0.000
[512,1024) all   | 4.482e+00 | 3.361e+00 |  0.75 | 1.321e-01 | 3.694 | 0.000
[1024,2048) dom   | 3.424e+00 | 2.791e+00 |  0.82 | 7.227e-02 | 2.742 | 0.000
[1024,2048) gapM  | 6.241e-01 | 4.986e-01 |  0.80 | 2.214e-02 | 0.714 | 0.000
[1024,2048) all   | 4.048e+00 | 3.209e+00 |  0.79 | 7.961e-02 | 2.979 | 0.000
[2048,4096) dom   | 3.494e+00 | 2.881e+00 |  0.82 | 5.508e-02 | 3.192 | 0.000
[2048,4096) gapM  | 1.938e-03 | 9.261e-04 |  0.48 | 1.948e-03 | 0.088 | 0.000
[2048,4096) all   | 3.496e+00 | 2.881e+00 |  0.82 | 5.508e-02 | 3.192 | 0.000
[4096,8192) dom   | 3.009e+00 | 2.599e+00 |  0.86 | 4.346e-02 | 3.085 | 0.000
[4096,8192) all   | 3.009e+00 | 2.599e+00 |  0.86 | 4.346e-02 | 3.085 | 0.000
[8192,16384) dom   | 2.521e+00 | 2.259e+00 |  0.90 | 3.046e-02 | 3.058 | 0.000
[8192,16384) all   | 2.521e+00 | 2.259e+00 |  0.90 | 3.046e-02 | 3.058 | 0.000
[16384,32768) dom   | 2.040e+00 | 1.911e+00 |  0.94 | 1.781e-02 | 2.632 | 0.000
[16384,32768) all   | 2.040e+00 | 1.911e+00 |  0.94 | 1.781e-02 | 2.632 | 0.000
[32768,65536) dom   | 1.844e+00 | 1.840e+00 |  1.00 | 1.174e-02 | 2.765 | 0.000
[32768,65536) all   | 1.844e+00 | 1.840e+00 |  1.00 | 1.174e-02 | 2.765 | 0.000
[65536,131072) dom   | 1.126e+00 | 1.126e+00 |  1.00 | 7.795e-03 | 2.304 | 0.000
[65536,131072) all   | 1.126e+00 | 1.126e+00 |  1.00 | 7.795e-03 | 2.304 | 0.000
# steered (adversarial, valid) histories: p | Mu_p(all) | mean seq p(h) | best steered p(h) over tries | p^-1/2
    31 | 7.577e-01 | 3.775e-01 | 6.452e-01 | 1.796e-01
    37 | 5.459e-01 | 2.571e-01 | 1.351e-01 | 1.644e-01
    41 | 4.738e-01 | 1.988e-01 | 1.220e-01 | 1.562e-01
    43 | 6.043e-01 | 3.267e-01 | 3.488e-01 | 1.525e-01
    47 | 7.050e-01 | 3.851e-01 | 4.681e-01 | 1.459e-01
    53 | 4.996e-01 | 2.607e-01 | 7.547e-02 | 1.374e-01
    59 | 5.511e-01 | 3.071e-01 | 2.712e-01 | 1.302e-01
    61 | 4.433e-01 | 2.344e-01 | 8.197e-02 | 1.280e-01
