# part (i)  X=1000000 samples=20 eta=0.25
# uniform total mass by type: dom=46.866 gapM=18.250 gapB=7.028 twin=9.869
# band [a,b) of top primes p > 30 | type | sum Mu | sum E_seq p | K=ratio | max_p max_h p(h) | max_p max_h p(h)*sqrt(p) | frac(p(h)>1/4)
[32,64) dom   | 9.687e-01 | 8.488e-01 |  0.88 | 2.766e-01 | 1.896 | 0.143
[32,64) gapM  | 1.011e+00 | 7.266e-01 |  0.72 | 1.951e-01 | 1.408 | 0.000
[32,64) gapB  | 9.888e-01 | 5.217e-01 |  0.53 | 2.128e-01 | 1.459 | 0.000
[32,64) twin  | 1.280e+00 | 7.846e-01 |  0.61 | 2.806e-01 | 1.840 | 0.007
[32,64) all   | 4.249e+00 | 2.090e+00 |  0.49 | 5.321e-01 | 3.648 | 0.693
[64,128) dom   | 1.409e+00 | 1.187e+00 |  0.84 | 2.113e-01 | 1.800 | 0.000
[64,128) gapM  | 1.448e+00 | 1.037e+00 |  0.72 | 2.113e-01 | 1.780 | 0.000
[64,128) gapB  | 1.368e+00 | 7.867e-01 |  0.58 | 1.507e-01 | 1.287 | 0.000
[64,128) twin  | 1.797e+00 | 1.226e+00 |  0.68 | 1.949e-01 | 1.776 | 0.000
[64,128) all   | 6.022e+00 | 3.277e+00 |  0.54 | 4.305e-01 | 3.827 | 0.508
[128,256) dom   | 2.075e+00 | 1.766e+00 |  0.85 | 1.976e-01 | 2.911 | 0.000
[128,256) gapM  | 1.899e+00 | 1.429e+00 |  0.75 | 1.257e-01 | 1.737 | 0.000
[128,256) gapB  | 1.532e+00 | 1.007e+00 |  0.66 | 1.298e-01 | 1.485 | 0.000
[128,256) twin  | 1.667e+00 | 1.297e+00 |  0.78 | 1.374e-01 | 1.573 | 0.000
[128,256) all   | 7.172e+00 | 4.485e+00 |  0.63 | 3.293e-01 | 4.334 | 0.154
[256,512) dom   | 2.451e+00 | 2.056e+00 |  0.84 | 1.365e-01 | 2.879 | 0.000
[256,512) gapM  | 2.643e+00 | 1.955e+00 |  0.74 | 9.886e-02 | 1.742 | 0.000
[256,512) gapB  | 1.336e+00 | 9.410e-01 |  0.70 | 6.844e-02 | 1.110 | 0.000
[256,512) twin  | 1.348e+00 | 1.112e+00 |  0.82 | 7.220e-02 | 1.202 | 0.000
[256,512) all   | 7.779e+00 | 5.226e+00 |  0.67 | 2.586e-01 | 4.275 | 0.002
[512,1024) dom   | 2.754e+00 | 2.291e+00 |  0.83 | 1.127e-01 | 3.142 | 0.000
[512,1024) gapM  | 3.210e+00 | 2.409e+00 |  0.75 | 6.678e-02 | 1.657 | 0.000
[512,1024) gapB  | 4.896e-01 | 3.524e-01 |  0.72 | 2.334e-02 | 0.551 | 0.000
[512,1024) twin  | 9.591e-01 | 8.604e-01 |  0.90 | 3.164e-02 | 0.853 | 0.000
[512,1024) all   | 7.412e+00 | 5.343e+00 |  0.72 | 1.613e-01 | 4.326 | 0.000
[1024,2048) dom   | 3.424e+00 | 2.872e+00 |  0.84 | 7.202e-02 | 2.636 | 0.000
[1024,2048) gapM  | 3.230e+00 | 2.527e+00 |  0.78 | 4.524e-02 | 1.520 | 0.000
[1024,2048) twin  | 4.591e-01 | 4.321e-01 |  0.94 | 1.618e-02 | 0.524 | 0.000
[1024,2048) all   | 7.113e+00 | 5.416e+00 |  0.76 | 9.477e-02 | 3.480 | 0.000
[2048,4096) dom   | 3.964e+00 | 3.312e+00 |  0.84 | 5.627e-02 | 3.261 | 0.000
[2048,4096) gapM  | 2.386e+00 | 1.958e+00 |  0.82 | 2.278e-02 | 1.061 | 0.000
[2048,4096) twin  | 2.171e-03 | 2.009e-03 |  0.93 | 1.461e-03 | 0.066 | 0.000
[2048,4096) all   | 6.352e+00 | 5.031e+00 |  0.79 | 6.043e-02 | 3.503 | 0.000
[4096,8192) dom   | 4.558e+00 | 3.832e+00 |  0.84 | 4.564e-02 | 3.240 | 0.000
[4096,8192) gapM  | 1.032e+00 | 8.567e-01 |  0.83 | 8.074e-03 | 0.524 | 0.000
[4096,8192) all   | 5.590e+00 | 4.597e+00 |  0.82 | 4.902e-02 | 3.480 | 0.000
[8192,16384) dom   | 4.901e+00 | 4.162e+00 |  0.85 | 3.254e-02 | 3.267 | 0.000
[8192,16384) gapM  | 5.646e-02 | 4.702e-02 |  0.83 | 1.869e-03 | 0.173 | 0.000
[8192,16384) all   | 4.958e+00 | 4.205e+00 |  0.85 | 3.254e-02 | 3.267 | 0.000
[16384,32768) dom   | 4.233e+00 | 3.694e+00 |  0.87 | 1.864e-02 | 2.754 | 0.000
[16384,32768) all   | 4.233e+00 | 3.694e+00 |  0.87 | 1.864e-02 | 2.754 | 0.000
[32768,65536) dom   | 3.796e+00 | 3.424e+00 |  0.90 | 1.207e-02 | 2.841 | 0.000
[32768,65536) all   | 3.796e+00 | 3.424e+00 |  0.90 | 1.207e-02 | 2.841 | 0.000
[65536,131072) dom   | 3.159e+00 | 2.940e+00 |  0.93 | 8.231e-03 | 2.694 | 0.000
[65536,131072) all   | 3.159e+00 | 2.940e+00 |  0.93 | 8.231e-03 | 2.694 | 0.000
[131072,262144) dom   | 2.680e+00 | 2.596e+00 |  0.97 | 5.501e-03 | 2.244 | 0.000
[131072,262144) all   | 2.680e+00 | 2.596e+00 |  0.97 | 5.501e-03 | 2.244 | 0.000
[262144,524288) dom   | 2.233e+00 | 2.216e+00 |  0.99 | 3.766e-03 | 2.111 | 0.000
[262144,524288) all   | 2.233e+00 | 2.216e+00 |  0.99 | 3.766e-03 | 2.111 | 0.000
[524288,1048576) dom   | 2.066e+00 | 2.066e+00 |  1.00 | 2.605e-03 | 2.065 | 0.000
[524288,1048576) all   | 2.066e+00 | 2.066e+00 |  1.00 | 2.605e-03 | 2.065 | 0.000
# steered (adversarial, valid) histories: p | Mu_p(all) | mean seq p(h) | best steered p(h) over tries | p^-1/2
    31 | 7.997e-01 | 3.829e-01 | 8.387e-01 | 1.796e-01
    37 | 5.919e-01 | 2.846e-01 | 1.351e-01 | 1.644e-01
    43 | 6.647e-01 | 3.403e-01 | 3.488e-01 | 1.525e-01
    47 | 7.673e-01 | 4.088e-01 | 6.170e-01 | 1.459e-01
    53 | 5.635e-01 | 2.768e-01 | 5.660e-02 | 1.374e-01
    59 | 6.161e-01 | 3.219e-01 | 5.763e-01 | 1.302e-01
    61 | 5.193e-01 | 2.446e-01 | 6.557e-02 | 1.280e-01
    67 | 5.495e-01 | 2.975e-01 | 1.343e-01 | 1.222e-01
