# Q=4000 P0=1000000000000 span=30000000000 primes=1085136872
# Q' | voids dom nontwin all | mass_pr dom nontwin all
10 271283404 271283404 271283404 1.000000 1.000000 1.000000
14 189899892 189899892 189899892 1.300000 1.300000 1.300000
19 158250690 79124236 79124236 1.466667 1.966667 1.966667
25 93515795 46756617 46756617 1.875758 2.375758 2.375758
33 77928919 38963407 38963407 2.042424 2.542424 2.709091
43 48240060 24119911 24119911 2.488853 2.988853 3.363853
56 34609800 14835254 14835254 2.865212 3.590212 3.965212
73 21930262 9399778 9399778 3.280124 4.171791 4.546791
95 13943870 4846086 4846086 3.717261 4.886706 5.336706
124 9896238 2425781 2425781 4.089590 5.657709 6.107709
162 6080950 1534744 1325970 4.578055 6.271174 6.940221
211 3461285 783020 675915 5.119063 7.044100 7.840230
275 1703827 373073 318330 5.839783 7.913986 8.845302
358 1038502 170987 143757 6.369313 8.868053 9.938883
466 517476 73512 61965 7.085677 9.960008 11.159361
606 263916 34545 26037 7.792682 11.025039 12.422995
788 131160 12645 9412 8.537962 12.273196 13.810935
1025 54408 4587 3194 9.471122 13.584126 15.299316
1333 24274 1606 1054 10.336794 14.945576 16.857080
1733 10598 496 317 11.263607 16.451502 18.536276
2253 4287 153 91 12.261577 17.973270 20.310075
2929 1554 36 20 13.336299 19.694770 22.204224
3808 554 13 5 14.462322 21.404763 24.221775
4000 447 10 3 14.672593 21.735446 24.597630
