a  n  t   k  rho_hat   bound    (2^-k * #idx2-avoiders lower ref)
  7   6  2   2 0.47805 3.38889
  7   6  2   4 0.08900 0.65089
  7   6  2   6 0.01670 0.15700
  7   6  2   8 0.00375 0.04358
  7   6  2  10 0.00075 0.01291
  7   6  2  12 0.00015 0.00392
  7   6  2  14 0.00005 0.00120
  7   6  2  16 0.00000 0.00037
 11  10  2   2 0.64605 4.72222
 11  10  2   4 0.10815 0.79904
 11  10  2   6 0.01890 0.17346
 11  10  2   8 0.00325 0.04541
 11  10  2  10 0.00100 0.01311
 11  10  2  12 0.00040 0.00395
 11  10  2  14 0.00005 0.00121
 11  10  2  16 0.00000 0.00037
 15   8  4   2 0.60875 5.44444
 15   8  4   4 0.15380 1.15364
 15   8  4   6 0.03495 0.29753
 15   8  4   8 0.00780 0.08533
 15   8  4  10 0.00165 0.02561
 15   8  4  12 0.00025 0.00783
 15   8  4  14 0.00005 0.00241
 15   8  4  16 0.00000 0.00074
 19  18  2   2 0.79140 7.38889
 19  18  2   4 0.17800 1.09534
 19  18  2   6 0.02300 0.20638
 19  18  2   8 0.00435 0.04907
 19  18  2  10 0.00070 0.01352
 19  18  2  12 0.00015 0.00399
 19  18  2  14 0.00015 0.00121
 19  18  2  16 0.00000 0.00037
 23  22  2   2 0.82725 8.72222
 23  22  2   4 0.20470 1.24348
 23  22  2   6 0.02135 0.22284
 23  22  2   8 0.00505 0.05089
 23  22  2  10 0.00075 0.01372
 23  22  2  12 0.00025 0.00401
 23  22  2  14 0.00010 0.00121
 23  22  2  16 0.00000 0.00037
 27  18  2   2 0.79285 7.38889
 27  18  2   4 0.17370 1.09534
 27  18  2   6 0.02000 0.20638
 27  18  2   8 0.00415 0.04907
 27  18  2  10 0.00055 0.01352
 27  18  2  12 0.00035 0.00399
 27  18  2  14 0.00005 0.00121
 27  18  2  16 0.00000 0.00037
 31  30  2   2 0.87180 9.99000
 31  30  2   4 0.28090 1.53978
 31  30  2   6 0.02605 0.25576
 31  30  2   8 0.00375 0.05455
 31  30  2  10 0.00105 0.01413
 31  30  2  12 0.00025 0.00406
 31  30  2  14 0.00015 0.00122
 31  30  2  16 0.00000 0.00037
 35  24  4   2 0.84290 9.99000
 35  24  4   4 0.26995 1.74623
 35  24  4   6 0.03825 0.36338
 35  24  4   8 0.00835 0.09264
 35  24  4  10 0.00225 0.02643
 35  24  4  12 0.00040 0.00792
 35  24  4  14 0.00020 0.00242
 35  24  4  16 0.00005 0.00074
 39  24  4   2 0.84450 9.99000
 39  24  4   4 0.27330 1.74623
 39  24  4   6 0.04210 0.36338
 39  24  4   8 0.00860 0.09264
 39  24  4  10 0.00165 0.02643
 39  24  4  12 0.00050 0.00792
 39  24  4  14 0.00015 0.00242
 39  24  4  16 0.00000 0.00074
 43  42  2   2 0.90695 9.99000
 43  42  2   4 0.38740 1.98422
 43  42  2   6 0.03175 0.30514
 43  42  2   8 0.00430 0.06004
 43  42  2  10 0.00125 0.01474
 43  42  2  12 0.00035 0.00413
 43  42  2  14 0.00005 0.00123
 43  42  2  16 0.00000 0.00037
 47  46  2   2 0.91740 9.99000
 47  46  2   4 0.41850 2.13237
 47  46  2   6 0.03275 0.32161
 47  46  2   8 0.00460 0.06187
 47  46  2  10 0.00105 0.01494
 47  46  2  12 0.00040 0.00415
 47  46  2  14 0.00005 0.00123
 47  46  2  16 0.00000 0.00037
rho: violations of Lemma 2.1 bound (4-sigma): 0
