# theta_void_primes Q=4000, 4 runs P0=1e12+i*2.8e10, span 2.8e10 each; total primes 4045501204
# Q'  voids  void_frac  mass_pr  mass_all  -log(void)/mass_pr
10 1011381161 2.5000e-01 1.0 0.7619 1.3863
15 353981693 8.7500e-02 1.8 1.3013 1.3534
23 174322054 4.3090e-02 2.3758 1.8505 1.3235
35 145267748 3.5908e-02 2.9174 2.2658 1.1403
53 64515472 1.5947e-02 3.7402 2.9017 1.1065
80 29201224 7.2182e-03 4.7885 3.7737 1.0298
120 9043382 2.2354e-03 6.0702 4.7709 1.0055
180 3717980 9.1904e-04 7.3418 5.8051 0.9524
270 1246578 3.0814e-04 8.7522 6.9691 0.9238
405 368049 9.0977e-05 10.5169 8.3756 0.8848
608 94230 2.3293e-05 12.451 9.9819 0.8567
912 18707 4.6241e-06 14.6321 11.7612 0.8395
1368 3433 8.4860e-07 17.0427 13.7347 0.8203
2052 523 1.2928e-07 19.6685 15.8942 0.8064
3078 65 1.6067e-08 22.5565 18.2632 0.7956
4000 10 2.4719e-09 24.5976 19.9455 0.8057
