k  S_hat   logK(exact)  logprimes(exact)  log(pp/c)  | bound 102+A_k  k+A_k+51+log k   (A_k)
3   1e+01        136.8            137.2       83.32  |       188.4        141.5   OK
3   1e+03        145.9            146.3       87.83  |       197.4        150.5   OK
3   1e+06        159.7            160.1       94.73  |       211.2        164.3   OK
4   1e+01        262.9            263.2       209.1  |       418.4        372.8   OK
4   1e+03        290.1            290.5       231.7  |       445.1        399.5   OK
4   1e+06        331.6            331.9       266.3  |       486.5        440.9   OK
5   1e+01        860.6            860.9       806.6  |        1588         1544   OK
5   1e+03        969.4            969.8       910.8  |        1694         1650   OK
5   1e+06         1135             1136        1070  |        1860         1816   OK
6   1e+01         4300             4301        4246  |        8612         8569   OK
6   1e+03         4844             4844        4785  |        9140         9096   OK
6   1e+06         5673             5673        5607  |        9968         9925   OK
7   1e+01    2.759e+04        2.759e+04   2.753e+04  |   5.753e+04    5.749e+04   OK
7   1e+03    3.085e+04        3.085e+04   3.079e+04  |   6.068e+04    6.064e+04   OK
7   1e+06    3.582e+04        3.582e+04   3.575e+04  |   6.565e+04    6.561e+04   OK
8   1e+01    2.089e+05        2.089e+05   2.088e+05  |   4.462e+05    4.462e+05   OK
8   1e+03    2.317e+05        2.317e+05   2.316e+05  |   4.681e+05    4.681e+05   OK
8   1e+06    2.665e+05        2.665e+05   2.664e+05  |   5.029e+05    5.029e+05   OK
