S 1 109 51762906
S 1 110099 341952
S 1 12747 25648179
S 1 13236755 140143
S 1 136779558 102584669
S 1 136779642 405473
S 1 138266292 23
S 1 139888184 11
S 1 14324 107426
S 1 146 4918443
S 1 1470918 2162
S 1 1840634 836
S 1 192919 2564630
S 1 209 7362536
S 1 221209 25506
S 1 25010 258410
S 1 2725 51311157
S 1 2791420 1531115
S 1 2869682 3968
S 1 31881 61137
S 1 336628 9447
S 1 37788 84157
S 1 402 7910758
S 1 429704 3581
S 1 44 34972046
S 1 4734677 65
S 1 5 61550801
S 1 5654 272156
S 1 58620053 60415
S 1 58630241 1405
S 1 58687973 215
S 1 6 119682113
S 1 6124460 697855
S 1 61550801 5
S 1 6313 7328637
S 1 65 4734677
S 1 676011 25646205
S 1 68039 22616
S 1 82613 1046795
S 1 8730611 2331470
S 1 92 34566573
S 1 95717 967790
S 1 98097 95163
S 10 19823794 74
S 10 305 2118962
S 10 659 3471378
S 10 749 315013
S 10032 1294353 687
S 10068 6099114 63
S 10139544 13013877 6
S 10175176 53481238 6
S 10258467 601349390827756 10
S 10258471 25206271719455 5
S 1028 7162 209
S 1035 271027777 24779
S 10508 10832922 14
S 10554 5113003962 10
S 106 330800 3695
S 106 925444667 87980
S 10706 4908475793 6
S 10720 191862458 1595
S 1079949 10564398874 95
S 1080 3397286 47508
S 1081 14636 201
S 1096 3122808 11
S 1097 593071837 46757
S 11 11312595 4662944
S 11 1504575142 405473
S 11 1504710292 23
S 11 19 7362536
S 11 2835 4681032
S 11 33435003 4662941
S 11 39064 3581
S 11 49601392 7349
S 11 514 272156
S 11 8379 4669061
S 11 9268430 1332270
S 11 96056553 10
S 110115 3376043 37
S 1106 21952 6959
S 111 2146143 4969
S 11120 37167692 2307
S 1137 5905760395 22556
S 11398297 246166424496836 3
S 11398316 6653157698257 3
S 116 1291809 5706
S 116 23253193 294785
S 118 81197 174125
S 118 94339 28079
S 11802 429481 39
S 1195855 46282991 44
S 12032 7537702159 14
S 120772 189064 12
S 12083 708303169651 5
S 12169 713344473106 1686
S 12169 713344473306 6
S 121690 7133444731053 843
S 121690 7133444731093 3
S 123 334249450 82
S 1246 14961 89188
S 127 5273 11489
S 127950 4413365 165
S 128 80188323 564
S 1282309 2541937069739 5
S 1288 197872037 26549
S 129 7561955546 159046
S 129 7561955746 566
S 1290 75619555453 79523
S 1290 75619555493 283
S 13 250 8301467
S 13 4734677 5
S 13 886850 7891244
S 130 32388602 197279
S 135 2730602 396
S 1367800 422954963775 3
S 137 390351 704
S 139 3503 127884
S 139 39398 32201
S 14 53106 57261
S 140143 1855035246782 244
S 1405 82360833653 12169
S 1405 82360833689 283
S 1405 82360833733 129
S 1405 82360837129 3
S 141 88332467 56
S 14101 13550786014 1455
S 1426 423096853 71939
S 1441 1214164349 7
S 147 92091277 464
S 1475 1417446236 717
S 148 9911897 10
S 149759 62261306312 5
S 15 2177248 6839025
S 150 484651976 341949
S 15102 9148671 28
S 151562 681755149 677
S 15639 13753912 6567
S 156948 271399878 109
S 158 3136 340991
S 159046 9323246369423 215
S 159046 9323246369441 5
S 16 13305 917036
S 16 16454796 143
S 16 479 6625706
S 16 50207 6413585
S 160 76623 642493
S 1605 44239509 201
S 1608 156007 64454
S 16132 111427668 159
S 163 569260 629534
S 16365 260064 2221
S 1639 474471 31
S 164 2345855 48120
S 16433 61157 792
S 165649 228621 6
S 166 1449281283 1060
S 1660 14492812706 30899
S 16671 647141 6
S 167 1908 133609
S 1678 1016519 2268
S 1686 98833000423 215
S 1686 98833002121 5
S 16890 78465477 675
S 17012 10399572 5
S 17097449 68114024605293 3
S 17097450 55242086178613 6
S 172 67929020 24851
S 1722 4679491357 59573
S 1759 852167327 360
S 178 62588174 5
S 18 115554 475003
S 180199 37790629 143
S 18177 110741 45
S 18180281 287057565 3
S 18273 717388 303
S 1833048 2848278295 56
S 185 1621130 110915
S 185 80161198 554513
S 1869 40434596 22
S 1888 20934402 286
S 189 104944564 23
S 1897 38219299 1040
S 19 22616 3581
S 19 34961591 899866
S 19 3581 22616
S 19 7362536 11
S 192107 41952597900 6
S 1925 11074375 533
S 1932 9041781 843
S 194291 20343228149 6
S 19585 1286454764 1746
S 1960 2823 88678
S 2 101281 19751
S 2 11308 68039
S 2 117239621 51292335
S 2 117239623 3419489
S 2 117239627 1192845
S 2 117239661 182535
S 2 117239713 79523
S 2 117239823 36249
S 2 117240223 12169
S 2 117241347 4245
S 2 117248313 843
S 2 117265513 283
S 2 117296423 129
S 2 119682113 3
S 2 136078 5654
S 2 17486023 44
S 2 220198 85488
S 2 2341 51336155
S 2 26487025 122
S 2 3681268 209
S 2 418 1840634
S 2 4918443 73
S 2 53713 14324
S 2 5739364 992
S 2 61 52974050
S 2 821 51417285
S 2 9433073 10258469
S 20 22361781 30714
S 20 332433 466322
S 20 5483 5147943
S 20 64628341 5
S 201 171973 92
S 202 952740457 65
S 203 14113 128153
S 205 2183389 13170
S 205 258410 122
S 205 6040025 2383
S 2056 68039 11
S 209 2056 3581
S 2093565 12821950506556 7
S 21 1093681 10483
S 21 128613614 976997
S 211 2648156 1166
S 212 1850889334 21995
S 2137265 54112573823 3
S 215 12603259243 79523
S 215 12603259323 843
S 215 12603259483 283
S 215 12603281963 3
S 2160 6794572 11877
S 21791 23649321 31
S 22 1028 68039
S 22 192073515 1060
S 22 22625190 1165736
S 22 38 1840634
S 22 4552421 126026
S 22 4883 14324
S 22 5670 1170258
S 223 31632 463264
S 2247 52823317 11414
S 225 28463 2611
S 226 190424107 41265
S 226 252959 30288
S 226462 8874617187 3
S 2274 11811520790 5639
S 2279841 28602651744 3
S 23 12367 2234249
S 23 3145929830 405473
S 23 3146064984 11
S 23 6824144 2666
S 23184 524813361 295
S 234 348949 438690
S 2381 340780042 43085
S 238569 13984869554134 430
S 238569 13984869554140 10
S 2391710 92565982 11
S 2392 46769 6440
S 24 8676765 34751
S 2407887 73463968 44
S 241544 378128 3
S 24166 1416606338817 4245
S 24166 1416606338819 283
S 24166 1416606339019 3
S 24338 1426688946211 1405
S 24338 1426688946331 5
S 2442927 7323565 14
S 2463 17970877 10414
S 2479 194164835 209
S 249 1517 239805
S 2492 29922 22297
S 25 164 1576301
S 25 6305204 41
S 25088 15716910883 29
S 252677 11815743006 14
S 25293 693809483 507
S 253 34605228090 405473
S 253350 1176982155 3
S 25590 882673 4125
S 256 160376646 141
S 2564617 22390670990069 20
S 2564993 17481618813 20
S 257 136078 44
S 257 28648 209
S 257 418 14324
S 258 15123911131 1405
S 258 15123922451 5
S 259 10057511 163
S 26 122629949 60701
S 26 1773700 1972811
S 261 1438895 4273
S 26158 45233313 3924
S 2632572 3153459991 3
S 263540 137982555 6
S 265 2313611667 96778
S 27 170451 10053
S 270 5461204 99
S 273560 84590992755 75
S 274 780702 176
S 276 1291683 41307
S 278 7006 31971
S 2780 9291923 36912
S 28 55505633 20
S 280286 3710070493564 61
S 2809 24524283747 10
S 28090 245242836693 3652
S 281 16472166973 215
S 281 16472177161 5
S 28150 130775795 243
S 282 176664934 14
S 283 16589406352 72498
S 283 16589406382 1686
S 283 16589406552 258
S 283 16589414982 6
S 2830 165894063513 36249
S 2830 165894063519 843
S 2830 165894063553 129
S 2830 165894065239 3
S 28463 195825 3
S 284857 933665 5
S 28615 27498456974 1195
S 2930992 5810141873689 5
S 2931 906332069 7
S 2934615 2373121700 7
S 294 184182554 116
S 297 1339237208 7349
S 3 1639481 146
S 3 175859432 6838978
S 3 175859462 159046
S 3 175859632 24338
S 3 175868062 566
S 3 18939 814293
S 3 19087 743484
S 3 19259 17100108
S 3 327 5751434
S 3 36973 2137354
S 3 392 6891317
S 3 663627 2834
S 3 718 4905395
S 3 95643 6793
S 30 1758594313 3419489
S 30 1758594319 79523
S 30 1758594353 12169
S 30 1758596039 283
S 301 1034655 6556
S 301 5982077 105
S 30193 47266 192
S 30204 18297342 7
S 305 1059481 20
S 3055 1635323 267
S 31 3922448 3309209
S 31 669557996 3
S 31449 1637865329 233
S 317 1734364940 29
S 3183 1367652352 32229
S 32 26610 229259
S 32050 445400971 3
S 32143 208856803 228
S 32579 539344 7
S 328 4691710 12030
S 32866 122314 198
S 328809 9019523279 3
S 33 27805290 148030
S 332 2898562566 265
S 334 45098097 307142
S 3344 431451 6183
S 3356 2033038 567
S 3379848 4337959 54
S 338 1594190025 5
S 3419489 200449796942586 6
S 34194890 2004497969425853 3
S 34195286 2948444690081 3
S 3421 64266 31583
S 34252 48971847485 5
S 3465728 18996267 7
S 348 3875427 634
S 3518 1704334654 90
S 3581 39064 11
S 362019 11884489 73
S 36249 2124909508226 566
S 362490 21249095082253 283
S 36507 2140033419316 2810
S 36507 2140033419356 10
S 3659 37788 23
S 3663743 2768647220687 14
S 3666096 5696556590 14
S 369010 338745131373 278
S 37 2178 2819659
S 37 257331036 12433
S 37 324226 2772875
S 37 715381 44721
S 370 733455623 56
S 3784 115676193 3873
S 3794 76438598 260
S 38 2827 14324
S 38 7162 5654
S 38 920317 44
S 382456 412361 11
S 3838 319124585 26729
S 385 2214875 13325
S 39655 33403979 5
S 3983581 14153264 11
S 4 107426 3581
S 4 1081 735459
S 4 11 34972046
S 4 11478728 248
S 4 1163 25734374
S 4 34972046 11
S 4 3581 107426
S 4 38379 25648840
S 4 3955073 42531
S 4 3955379 201
S 4 4113699 2288
S 4 440396 21372
S 402 343946 23
S 402 3659 2162
S 4033 27856917 2544
S 405 8191806 44
S 405473 55460417585780 23
S 405473 55460417585784 11
S 41 1208005 59575
S 41 51682 3050
S 41 86942 2503245
S 4113295 6811631 20
S 415 24309 8979
S 415 3623203181 1166
S 42164 12582923497 811
S 423 33592657 6063
S 4253 2599893 80
S 4274362 22201721911413 24
S 4274363 10022493950516 24
S 4274420 310600288763 24
S 4274797 41925345451 3
S 4285738 1610185221 24
S 43 12758180 2385698
S 43 12758255 23
S 43 16982255 397616
S 43 2520652091 1405
S 43 2520720011 5
S 4399 38405953671 2332
S 43990 384059536709 44
S 44 384147030 265
S 44 45250380 291434
S 44 9766 3581
S 4442 137181033 4619
S 445168 183300383 7
S 446 63264 115816
S 4460203 610064593443540 23
S 4460218 1323354978605 23
S 446560 993287 37
S 45 8074001 1139836
S 452 505918 7572
S 4529 74459067 7
S 454 5834991 1965
S 455546 2289355 10
S 4598 16322527 7439
S 46 12045689 142
S 46 171973 402
S 46 47 1470918
S 461 1913727 5
S 4641475 54041388 24
S 4653 20981382998 3
S 4655935 11440368 31
S 47 168314 402
S 47 201 336628
S 47 735459 92
S 4784 93538 1610
S 4815774 146927936 11
S 4883 7162 44
S 4892 1575393 601
S 491202 658262035 11
S 49299 183471 88
S 4932 46865441 6
S 49741 3050979 131
S 5 1041 10307739
S 5 13 4734677
S 5 293099053 3419489
S 5 293099089 79523
S 5 293099133 36249
S 5 293099293 12169
S 5 293102529 843
S 5 293109409 283
S 5 293121773 129
S 5 294076049 3
S 5 9911897 296
S 5019055 7045186 5
S 5034 3049557 252
S 505 2381850918 203138
S 50670 235396431 75
S 5087588 26740619 24
S 5129234 44781341980138 5
S 5129986 34963237626 5
S 514 272156 11
S 514 3581 836
S 514 836 3581
S 521 12037 4891
S 523 5286020 196166
S 52316 90466626 981
S 5254 5416461 56
S 52708 27596511 150
S 5277 2556501981 40
S 5289 1125490 1499
S 53 165400 14780
S 53 462722383 830
S 53291 10788040564 5
S 535 14746503 1809
S 5360 95931229 6380
S 540 1698643 190032
S 543 7120 203330
S 54531 332223 5
S 54541 804727682 209
S 5455 86688 19989
S 54712 16918198551 1875
S 548 1561404 44
S 553 10976 27836
S 55459 392856051 5
S 5560 18583846 9228
S 56 111011266 5
S 56180 490485673386 913
S 562 32944333461 182535
S 562 32944333463 12169
S 562 32944333467 4245
S 562 32944333553 283
S 562 32944333663 129
S 562 32944342153 3
S 5630 26155159 6075
S 563653 325300455770 182
S 566 33178812703 60415
S 566 33178812721 1405
S 566 33178812823 215
S 566 33178817881 5
S 5665 4771997 245
S 5699161 2544707466761 3
S 57 3666610 2171
S 5701793 12286678465 3
S 5713 20950 22853
S 5799350 329848039 6
S 5812661 43624951 5
S 583 679278 437
S 586399 1711066776 7
S 586923 474624340 175
S 58755 3859364292 194
S 588 368365108 29
S 5895 4967035891 11
S 59 126753843 754
S 590 405985 6965
S 59136 372363125 5
S 5941 134842749 6
S 599 9319 10126
S 6 351718903 60415
S 6 351720601 1405
S 6 351730223 215
S 6 352207361 5
S 6 38174 185871
S 6 38518 4275027
S 602 2069310 1639
S 60386 94532 48
S 60415 3541515847043 283
S 60415 3541515847123 3
S 60702 3637852801 1690
S 61 32805582 129363
S 61 807440615 140143
S 610 2118962 5
S 6100 25841 41
S 621746 18640054693 5
S 63 53083495 5
S 6308 547497 470
S 639 167330203 10
S 64286 417713606 57
S 644 3013927 7587
S 65 16194301 789116
S 6565 30964061934 1202
S 6605 552616 31
S 662 6943 56579
S 676 66953643 151754
S 67624 7381947971 41
S 678 571272321 4585
S 6787 832079048 3023
S 679 7144101512 151082
S 6838978 400899593885171 5
S 6838979 41885038321416 3
S 687 2987428 11489
S 6924 102055 1217
S 6928 27398359 3
S 7 1996091 3458
S 7 26553 229044
S 7 73652468 194
S 707483 197892048664 5
S 72447 26191899421 354
S 72498 4249819016491 5
S 73 1639481 6
S 7349112 98523923 3
S 740 1466911246 14
S 747 4551 26645
S 749 630026 5
S 75 10886240 273561
S 75 242325988 1367796
S 75 242327783 6
S 752 687483 27313
S 753 269385382 11
S 7588 152877196 65
S 759947 9534217248 27
S 76 1840634 11
S 76 5654 3581
S 7613 1541148652 245
S 77 442975 333125
S 770 648790099 44409
S 771315 348953002828 133
S 7728 174937787 2655
S 7813 36850299450 13130
S 783570 49309987 7
S 78474 135699939 436
S 789126 47292086413 10
S 78947 174422713 65
S 79 1568 1363964
S 7907 1081876588 12974
S 79523 4661623184712 258
S 79523 4661623184742 6
S 795230 46616231847113 129
S 795230 46616231847119 3
S 8 22957456 62
S 8 2827 68039
S 8 2892255 312759
S 8 76758 6412210
S 8 8227398 572
S 8 880792 5343
S 8 920317 209
S 8066 55713834 636
S 81 511353 1117
S 810 16383612 11
S 8131 200568906 11
S 815 16436134 41959
S 820681 184322469894 5
S 8226590 13623262 5
S 827417 5643730677 62
S 83 724643265 10
S 830 7246406353 123596
S 843 49416500192 24338
S 843 49416500222 566
S 8430 494165001913 12169
S 8430 494165001919 283
S 84450 392327385 27
S 849 49768219054 120830
S 849 49768219060 2810
S 849 49768219094 430
S 849 49768220780 10
S 8506 5199786 20
S 8548724 44403443822826 6
S 8548726 20044987901032 6
S 8548840 621200577526 6
S 8571476 3220370442 6
S 86 33964510 99404
S 86 5041303697 1192845
S 86 5041303699 79523
S 86 5041303737 4245
S 86 5041303899 843
S 86 5041304299 283
S 86 5041360499 3
S 86722 103403 29
S 8713 407439414 11774
S 872 47143 119819
S 8723 15992 3635
S 8798 76811907342 583
S 87980 768119073418 11
S 88 257 68039
S 8803955 12288697 5
S 89 31294087 20
S 892 126528 28954
S 899867 543814772690 6
S 9 194370952 367687
S 9 2158415 1424793
S 9 56817 90477
S 9 57777 1900012
S 9 67146401 2851
S 9 6793 31881
S 90 16148002 284959
S 904 1011836 1893
S 90463 24829744064 14
S 917 772650028 226
S 92 14133717 5838
S 92 3659 9447
S 92 430561 371763
S 9282950 108082776 6
S 9325879 1275589604472856 11
S 932588 8142062178207 22
S 932609 41206583341 11
S 94 1470918 23
S 94 21431 365371
S 94 402 84157
S 944 10467201 1144
S 9549 4102957056 3581
S 97 11272402 5843
S 9766 14324 11
S 97679 634109 303
S 98 27945235 326
S 98598 366942 22
