U 10012263791 849 50061318106 24166
U 1010919 10795 9606752462 1
U 10143 183226 5679428 1
U 10143 91613 2839714 4
U 1016303939 1405 87402137349 849
U 101784519495 233147 2035690156753 22
U 102229919 3655 1737904968 1651
U 102587855 12747 410338673 2012
U 102587855 25494 820677346 503
U 102753671 676011 410338673 38
U 1028455 368894467027 13 22
U 1031 1231016019 43 2
U 103399 4103386730 2585 1
U 103399 820677346 517 25
U 103700295 862478 1762042537 7
U 10479 2051693365 524 1
U 1049811 11411 9437789479 1
U 10521783 794826009601 2 679
U 105567 1353707282227 8 1
U 10575739 2051693365 1 528787
U 10643365408103 907829 10643364500274 113
U 10650359 48671 362063535 62
U 1066880567 86 5334402749 238569
U 107 1419857 2601 3
U 10703 144825414 7582 1
U 10703 72412707 3791 4
U 1074837047 90066 18272139733 67
U 107817339 181780032139 1415 43
U 10889319 47515 23509992206 1
U 109970894879 130515 109970764364 786
U 11 24137569 17 3
U 11 410338673 3 1
U 11 4259571 289 1
U 110059831 70988590429 566 281
U 110099 150594292991 1 75
U 110099 752971464955 5 3
U 1111 24137569 17 278
U 111866259 431035 26623738607 1
U 112441559 31596077821 258 1415
U 1138808319 288160 101353652231 4
U 1138808319 576320 202707304462 1
U 1140082999 2280166 10258466825 5
U 11502320255 12837411 11489482844 8
U 11502320255 25674822 22978965688 2
U 115962828943079 9325879 1275591109047990 1
U 1163 410338673 291 1
U 11632624439 8490 500202842387 281
U 11723975 10643364500274 1 113
U 1172399 1954 820677346 75
U 1172399 4885 2051693365 12
U 1172399 977 410338673 300
U 1172399 9770 4103386730 3
U 11731943 17234224266 1 69833
U 118109150059 12083 708654888271 1415
U 1183 15182530901 8 1
U 1188719 1105 868952484 127
U 120269938837055 10258467 601349683926808 2
U 122465419 281 31596077821 1415
U 12248919 227 820677346 6745
U 1231 3179 1419857 28
U 1231 6358 2839714 7
U 12494767 2159 1062053036 559
U 12511279 156391 2051693365 4
U 12511279 312782 4103386730 1
U 125421539 645 70988590429 281
U 1266689951 3017619 21530711548 2
U 127199 9848128152 25 53
U 1274519 3655 2751682866 13
U 12747 1307749350851 1 1
U 128230859 379 2051693365 16917
U 12837411 458479 410338673 7
U 128466455 1686 181780032139 43
U 12857878359 1799815 38571835262 19
U 12923565719 464185 219700153038 13
U 129567 3322922573954 1 4
U 129567 6645845147908 2 1
U 130515 410338673 487 67
U 130767 16346 820677346 1
U 130767 8173 410338673 4
U 1307851943567 102592716 1307749350851 1
U 1310038859 12083 741481982111 15
U 13119 2051693365 164 4
U 13119 4103386730 328 1
U 13147 24137569 323 173
U 1323309519 47515 22496214308 127
U 13236755 7420154223859 1 183
U 132419 2051693365 6621 1
U 13453727 1641354692 2 420429
U 13453727 820677346 1 1681716
U 1355339 7837 506888949 35
U 1357367519 300835 462862023144 1
U 135903 5986117112 2329 1
U 1367 72412707 17 114
U 136779559 14031485785980970 1 1
U 136779719 1275591109047990 11 1
U 136779895 55460554365334 1 253
U 136780263 610067739373366 23 1
U 136864903 55495022813866 253 1
U 13706511 1713314 820677346 1
U 13706511 856657 410338673 4
U 13883125339 1415 83298750619 12083
U 139 120687845 17 7
U 1391647 454655249684 157 2
U 1398015 2159 1544804416 43
U 139848756546839 2385690 139848754161149 43
U 13988819 1231016019 53 21995
U 14031485888565639 102584669 14031485785980970 1
U 1411311 1641354692 1 88207
U 1411311 352828 410338673 1
U 1419863 102 24137569 59161
U 1419879 374 24137569 16135
U 1419999 12070 120687845 100
U 1419999 120700 1206878450 1
U 1419999 2414 24137569 2500
U 1419999 24140 241375690 25
U 1419999 4828 48275138 625
U 1419999 60350 603439225 4
U 1420055 3366 24137569 1793
U 1420463 10302 24137569 586
U 142047747 12083 1205985359947 1
U 1421135 21726 24137569 278
U 1422079 151096 96550276 10
U 1422079 37774 24137569 160
U 1422079 75548 48275138 40
U 1424543 159324 48275138 19
U 1424543 79662 24137569 76
U 1426747590359 24338 1426747566021 4215
U 142726495 17840812 410338673 2
U 142726495 3282709384 1 4460203
U 1434199 1219070 120687845 1
U 1434199 243814 24137569 25
U 143783 305541 24137569 2
U 1439855 1019898 72412707 2
U 1439855 339966 24137569 18
U 14513265591 159046 9361056147149 1
U 14783 12716 4259571 28
U 14783 25432 8519142 7
U 149214063 1641354692 1 9325879
U 149214063 37303516 410338673 1
U 149639 88222814695 174 1
U 15020719 1313 9027450806 130
U 150583 410338673 2 18823
U 150595660799 1367808 150594292991 75
U 150595660799 6839040 752971464955 3
U 15182531159 258 15182530901 397615
U 1519 27455 5679428 1
U 151933151 143684 2582719883 42
U 15336409659 14045 122691263227 913
U 1538591 462862023144 341 1
U 154559 4103386730 161 24
U 154559 8206773460 322 6
U 1548935 2194326 24137569 3
U 155629039 1405 132129052706 86
U 1559 1231016019 2 65
U 156752543 28067 13323938088 43
U 1581775295 36507 2222394252968 2
U 1587399 39685 4103386730 1
U 1587399 7937 820677346 25
U 159 14198570 289 4
U 159 28397140 578 1
U 159 3282709384 5 1
U 1603 24137569 6817 1
U 16079 387260 4259571 1
U 1630839319 239126 63602494315 11
U 1639 582141370 289 1
U 1641354703 11 1641354692 9325879
U 164135503 169 820677346 121402
U 1641355855 1163 1641354692 88207
U 1641393071 115137 4924064076 297
U 1641393071 345411 14772192228 33
U 1641393071 38379 1641354692 2673
U 165823050319 5699170 1492401753701 2
U 1666419 1011755 168962983 1
U 167 168962983 102 1
U 167041558921539 17097445 1002249336431789 1
U 16799 3282709384 5 105
U 168000674919 6034405 2856005439218 1
U 168344071 21043009 820677346 1
U 169215013179 12823205 1353707282227 1
U 169761699 3018775 5768878991 1
U 1697989320039 7891165 1697981428874 13
U 1699828578419 1251033 3399655905805 41
U 1703831 221 144825414 5461
U 17234225735 1469 17234224266 69833
U 172375 820677346 29 743
U 173159 3978 120687845 37
U 17471 34468448532 13 4
U 17471 68936897064 26 1
U 174839 25440997726 3 235
U 175 48275138 187 2
U 176693879 566 49650979433 645
U 1770816573539 60415 3541633086663 849
U 177507 3383 24137569 223
U 17823 228558640861 8 1
U 179423 255640993279 6 12
U 179423 511281986558 12 3
U 17975 2582719883 17 42
U 18000325859 3017211 612008061995 1
U 1806570831 2011508 92133100873 1
U 1829730839 8490 514154357269 43
U 1850149042975 2137181 11100892120669 8
U 1850149042975 4274362 22201784241338 2
U 18654343 56873 410338673 82
U 187586495 108557 6565418768 27
U 187586495 325671 19696256304 3
U 18829905539 181245 10657726353829 1
U 1893143 8045862 24137569 1
U 1899420603 12833923 15182530901 1
U 19103 13532 144825414 1
U 19103 6766 72412707 4
U 1911 5768878991 34 1
U 1914915799 5975 5744741422 5723
U 192038520959 21995 192038498964 4664
U 192038520959 43990 384076997928 1166
U 192919 1979063419879 1 10
U 1952759 16273 6155080095 2
U 1979073678399 10258520 1979063419879 10
U 1982399 363149725605 8 70
U 1984983 30022 6782656889 1
U 198519 4073021668198 5 1
U 199 603439225 17 2
U 200459 1370941506493 15 1
U 201271161779 85345 402542238213 601
U 2015559 355181 582141370 1
U 2024639 140335826166 1480 1
U 2024639 70167913083 740 4
U 202839 612008061995 34 1
U 202847 204010733188 51 2
U 202875 18272139733 17 67
U 204215 3065471263 102 67
U 2043 1762042537 17 7
U 204855 699989501 34 883
U 205169339 5 410338673 10258467
U 2051693559 194 2051693365 528787
U 205169391 109 410338673 470572
U 205169391 218 820677346 117643
U 205170699 2725 410338673 18823
U 20588027 3417 699989501 883
U 20594755 232169 699989501 13
U 207 5679428 3757 1
U 2079 2510307176 85 1
U 207967 9365376772 1139 2
U 211849271 562 45547592703 849
U 211919 241375690 51 1766
U 2134727 168011 72412707 18
U 2134727 504033 217238121 2
U 21400393178039 365070 21400392812969 281
U 21431 38571835262 3 19
U 215 24137569 51 18
U 215 72412707 153 2
U 215175 1697981428874 1 13
U 21596831 1116 410338673 4838
U 21596831 23822621999688 3 31
U 21596831 7940873999896 1 279
U 216878306519 159046 9325767021271 15
U 2174113539 60845 3665555365909 1
U 21823 386201104 527 11
U 219347917863 405473 55495022813866 1
U 21995 1231016019 141 13
U 21995 410338673 47 117
U 221207 290930119157 1 78
U 2238211199 2809 24620320380 3320
U 2238211199 5618 49240640760 830
U 22539 27203040263 85 1
U 225923 6782656889 3417 1
U 2270540695 566 34058109859 12083
U 22720063 39967 386201104 151
U 23 24137569 34 3
U 23 29478 83521 1
U 23 410338673 3 2
U 231617953055 4662948 2547792820657 2
U 23226719 88 1231016019 21995
U 2343 24137569 17 586
U 2344799 10022522088025 12 2
U 2351 24137569 2499 4
U 2351 48275138 4998 1
U 2357061719 1686 101353652231 1415
U 23591519 10795 5213714904 43
U 236643 24137569 17 59161
U 2370845983 2851 21337610996 3998
U 23851005059 557527 190807482945 23
U 2457119 25206284005044 5 2
U 2459 1445 1419857 123
U 253623499415 34199501 253589299914 3
U 25487039 26549 4103386730 24
U 25487039 53098 8206773460 6
U 2570271 44047 5986117112 1
U 258159 595 48275138 922
U 259631 275859 48275138 2
U 261863 1492401753701 9 2
U 2623 11849 11358856 2
U 262657791 1026007 6565418768 4
U 262657791 2052014 13130837536 1
U 2651570879 1972895 34468448532 4
U 2651570879 3945790 68936897064 1
U 26524684514503 4460203 610067739373366 1
U 265979 63602494315 39 11
U 26645399 2358 2051693365 565
U 26726698668087 6838978 400900473182327 1
U 27 1419857 289 7
U 27143 699989501 1326 3
U 2717479 3399655905805 2 41
U 275487759 603517 4682688386 10
U 276695 9461589122034 1 3
U 27940336479 35192 307343666077 265
U 2795 24137569 51 233
U 2797032578351 238569 13985162653186 86
U 2803980979 281 16823885593 60845
U 28299383 4761 820677346 743
U 283379892407 24166 1416899437869 849
U 28376525055 358688 368894467027 22
U 2839719 85 48275138 70993
U 28571433083 12823803 228558640861 1
U 28656047 1194002 1231016019 2
U 28691 410338673 9 797
U 2869503 18397944742628 4 4
U 2869503 36795889485256 8 1
U 2869503 4599486185657 1 64
U 2869503 9198972371314 2 16
U 2895895391 326703 454655249684 2
U 290099903 849 62371478296 562
U 290931434351 1315194 290930119157 78
U 29519 11849 8519142 30
U 29547231 1207459 2510307176 1
U 298447 9437789479 2 1622
U 29951 1231016019 32 78
U 3 1419857 289 1
U 3 24137569 17 1
U 3 410338673 1 1
U 3 83521 4913 1
U 30053787 15011 3065471263 67
U 301010319 10795 5117164628 559
U 3015 699989501 34 13
U 3023 11489482844 3 9
U 3023 34468448532 9 1
U 303 24137569 17 76
U 303 48275138 34 19
U 30339 120687845 697 37
U 304259 935 72412707 461
U 3054840879 876820 27492691091 13
U 3062025527 72498 4332766048207 1
U 309879 15494 2051693365 1
U 31 2839714 289 4
U 31 5679428 578 1
U 31204209787479 5399194 31204204388285 19
U 31236919 1105 531026518 5461
U 31355 27492691091 9 13
U 3154683 101353652231 3193 1
U 3167 162494114508 2 1
U 3167 72412707 748 6
U 3167 81247057254 1 4
U 31742463 32128 101353652231 1
U 3199 10258466825 2 16
U 3199 20516933650 4 4
U 3199 41033867300 8 1
U 320049967 1206932 27203040263 1
U 32191 3302405640304 1 1
U 32191 410338673 4 2012
U 32191 820677346 8 503
U 3230973347 3017279 109850076519 1
U 323187479 43230 36520141897 21
U 3252353920439 2385690 139851216193187 1
U 3282709407 23 3282709384 4460203
U 3302508228159 102587855 3302405640304 1
U 3322948220319 25646365 3322922573954 4
U 3322948220319 51292730 6645845147908 1
U 33237433079 566 33237432513 181245
U 3336087 48890211533258 1 7
U 335 4259571 289 28
U 335 8519142 578 7
U 33647818007 46821 33647771186 2191
U 342239 190807482945 8 23
U 343644839 2011695 17523875094 1
U 343644839 670565 5841291698 9
U 350567 2462032038 3 4869
U 350567 7386096114 9 541
U 350567 820677346 1 43821
U 351 1419857 289 88
U 351 2839714 578 22
U 351727 101353652231 89 4
U 351727 202707304462 178 1
U 3543 15062 24137569 1
U 35674799 3032358 603439225 2
U 3615319 820677346 67 6745
U 3640659 3094561 120687845 1
U 36407 109850076519 34 1
U 364571 5334402749 123 57
U 367687 410338673 19 4838
U 3764575 410338673 2 470572
U 3764575 820677346 4 117643
U 3765439 16413546920 1681 14
U 378239 6155080095 3152 2
U 380119939 1415 98070942847 281
U 3831094511 11402067 34468448532 1
U 3831094511 3800689 11489482844 9
U 38375 24137569 306 533
U 38379 410338673 9595 1
U 38470535 41101 1231016019 78
U 3884744673339 397615 23308467642419 43
U 39 120687845 34 1
U 39 1419857 289 10
U 39 24565 167042 1
U 39 820677346 5 1
U 39039 125153295265 2 16
U 39039 250306590530 4 4
U 39039 500613181060 8 1
U 3907454719 140335 66426589888 43
U 3915819 195791 2051693365 1
U 393928223 77423 9848128152 53
U 397098807 24338 1673771447167 1
U 397413042571 75541 794826009601 679
U 4000230175 1005737 204010733188 2
U 400899659343959 6838978 400899652504981 15
U 40236647 92837 44461402098 1
U 410338679 6 410338673 17097445
U 4103396279 9549 4103386730 10743
U 4107687 28067 15013567918 1
U 41239037339 1405 82478073273 36507
U 418813155599 2230102 9632700348675 2
U 419999 2051693365 1750 12
U 419999 410338673 350 300
U 419999 4103386730 3500 3
U 419999 820677346 700 75
U 4230016639 60415 3591284066096 2
U 4249877708759 72498 4249877636261 1415
U 42607069679 1424795 255640993279 12
U 42607069679 2849590 511281986558 3
U 4262687 52972 72412707 114
U 4265039 92956 72412707 65
U 42767 10692 410338673 1
U 42767 14772192228 9 33
U 42767 1641354692 1 2673
U 42767 4924064076 3 297
U 428065310975 36507 2140326518368 562
U 429719 4103386730 1 10743
U 431 217238121 102 2
U 431 72412707 34 18
U 4319399 9632700348675 23 2
U 432959 177735 124947416 2
U 43369247 14632 5334402749 57
U 43999 22568627015 50 4
U 43999 4513725403 10 100
U 43999 45137254030 100 1
U 43999 9027450806 20 25
U 443580990551 4885038 443576105513 21
U 4451 8955038099 17 3
U 447 1419857 1156 28
U 447 159023984 289 1
U 447 2839714 2312 7
U 4499 10258466825 9 5
U 4509647 1557645602708 33 9
U 4509647 4672936808124 99 1
U 451382799 102587 4513725403 100
U 451382799 1025870 45137254030 1
U 451382799 205174 9027450806 25
U 451382799 512935 22568627015 4
U 45393738599 183187 363149725605 70
U 4543551 731 386201104 1651
U 45594775 14302 410338673 797
U 45803 92133100873 51 1
U 458479 11758254674815 2 2
U 4599487788543 12823088 36795889485256 1
U 4599487788543 1602886 4599486185657 64
U 4599487788543 3205772 9198972371314 16
U 4599487788543 6411544 18397944742628 4
U 461631059 21995 195731547021 11
U 461631059 415 3693048057 30899
U 4663 48275138 901 11
U 471519 1641354692 2947 10
U 4716647 402542238213 2 601
U 4718910551 31623 9437789479 1622
U 47201392367 1036209 4672936808124 1
U 47201392367 345403 1557645602708 9
U 473287 2856005439218 17 1
U 4732879 1139 241375690 1766
U 473303 219700153038 17 13
U 473319 571239707954 85 1
U 473343 11696 96550276 43
U 473343 2924 24137569 688
U 473343 5848 48275138 172
U 473343 66426589888 17 43
U 473455 22496214308 17 127
U 473455 8636 24137569 233
U 473511 219796703314 221 1
U 473719 43978650718 85 13
U 474031 38012 24137569 53
U 474031 5117164628 17 559
U 474719 13323938088 85 43
U 475487 112268 24137569 18
U 475487 1737904968 17 1651
U 475487 336804 72412707 2
U 475751 66764515854 731 1
U 477519 4537862972 85 127
U 478728459 43 2872370711 397615
U 478919 44461402098 1105 1
U 479 410338673 30 4
U 479 820677346 60 1
U 480567 531026518 17 5461
U 482975 5213714904 221 43
U 4856079 820677346 5 121402
U 486971 68526558391 729 1
U 48890226188215 14654957 48890211533258 7
U 4919 1734 1419857 205
U 491919 1062053036 85 559
U 4927 4046 1419857 88
U 4927 8092 2839714 22
U 49439 178602 28397140 1
U 49439 89301 14198570 4
U 494791 23509992206 2159 1
U 495161339 4215 280261313659 43
U 4967 15606 1419857 23
U 497740818839 8490 497740810349 12083
U 499 2051693365 25 1
U 499 410338673 5 25
U 4991 22542 1419857 16
U 4991 45084 2839714 4
U 4991 90168 5679428 1
U 499327839 4664 41444205973 265
U 501903 1834455244 221 127
U 50207 410338673 3138 4
U 50207 820677346 6276 1
U 5026726935 312763 20106594977 82
U 503 217238121 34 7
U 5039 36414 1419857 10
U 5041258852703 10258471 25206284005044 2
U 505335 5455090594 731 13
U 507031059 589571 88222814695 1
U 5095 52598 1419857 7
U 510759 25538 2051693365 1
U 5130836799 12827092 41033867300 1
U 5130836799 3206773 10258466825 16
U 5130836799 6413546 20516933650 4
U 5135804759 24338 1443161112941 15
U 517396983 92837 43978650718 13
U 5194175 11100892120669 6 8
U 5194175 22201784241338 12 2
U 526885295 2011916 8955038099 3
U 527915 25789 699989501 3
U 528319 386201104 85 1651
U 53386735 9503 4537862972 127
U 534919 15013567918 3655 1
U 53591 10353 48275138 11
U 5399 3258571815 34 5
U 53992499 107985 10258466825 5
U 53992499 21597 2051693365 125
U 5413439 2051693365 16 16917
U 546391 2547792820657 11 2
U 5471 1641354692 18 19
U 5471 820677346 9 76
U 547118231 136779558 410338673 1
U 551 13294 1419857 3
U 551487 355759 159023984 1
U 55460554770807 405473 55460554365334 253
U 556959 3481 1641354692 10
U 5615 202878 1419857 2
U 567943 48275138 17 70993
U 5687695 140539 96550276 43
U 5779419 31204204388285 1 19
U 58619811 6013493966897369 1 1
U 58619819 400899652504981 1 15
U 58619831 1002249336431789 6 1
U 58619835 139848754161149 1 43
U 58619839 601349683926808 5 2
U 58619939 400900473182327 15 1
U 58619971 21400392812969 1 281
U 58620179 9323304989233 1 645
U 58620619 4249877636261 1 1415
U 58620695 23308467642419 6 43
U 58620867 139851216193187 43 1
U 58621039 13985162653186 5 86
U 58621751 3541633086663 2 849
U 58622219 1426747566021 1 4215
U 58625339 9324125666579 15 43
U 58625591 3567074084389 6 281
U 58626715 497740810349 1 12083
U 58627839 2140326518368 5 562
U 58631939 1416899437869 5 849
U 58635659 9325767021271 43 15
U 58648919 708654888271 6 1415
U 58654579 98891620193 1 60845
U 58655939 1427568243367 15 281
U 58657847 23323239834647 258 1
U 58664931 21416806359889 281 1
U 58672639 13997472813376 215 2
U 58703255 82478073273 2 36507
U 58723379 33237432513 1 181245
U 5879140160519 25646223 11758254674815 2
U 58802871 10657726353829 566 1
U 58847019 15182530901 1 397615
U 58857539 9361056147149 645 1
U 58868375 83298750619 6 12083
U 58916707 500202842387 43 281
U 58965039 50061318106 5 24166
U 59141339 33237432513 5 36507
U 59165111 12720498863 2 238569
U 59296619 1443161112941 281 15
U 59443583 3591284066096 849 2
U 594512357539 60845 3567074084389 281
U 59763939 4332766048207 1415 1
U 59871479 16823885593 6 60845
U 60114859 101353652231 43 1415
U 6013494069482039 102584670 6013493966897369 1
U 60173339 34058109859 15 12083
U 60244151 3665555365909 1686 1
U 60479 19696256304 105 3
U 60479 6565418768 35 27
U 60559995 514154357269 281 43
U 607 410338673 4 38
U 607 62371478296 1 1
U 60875839 2222394252968 1405 2
U 61365719 741481982111 566 15
U 615 1419857 2023 22
U 6155170559 271392 18465240285 126
U 6155170559 814176 55395720855 14
U 6155170559 90464 6155080095 1134
U 615902819 789619 1231016019 65
U 61739 10644667929 17 35
U 61767 26623738607 238 1
U 61775 16944573438 187 2
U 62027939 5334402749 5 238569
U 62159 5358540318 595 2
U 621608388375 159046 9324125666579 43
U 6219 89879 7099285 1
U 62207927 87402137349 86 849
U 62259 6830932027 935 1
U 62474231967 102753671 62371478296 1
U 62578250559 12823412 500613181060 1
U 62578250559 3205853 125153295265 16
U 62578250559 6411706 250306590530 4
U 626167079 172414 10644667929 35
U 63 1419857 289 16
U 63 2839714 578 4
U 63 5679428 1156 1
U 63073259 35699464551 43 4215
U 635 24137569 51 53
U 6360249539 215 12720498863 238569
U 639 24137569 17 160
U 639 48275138 34 40
U 639 96550276 68 10
U 6399 13130837536 50 1
U 6399 6565418768 25 4
U 6402059 431885 217238121 7
U 64287 20106594977 4 82
U 64539 24137569 17 16135
U 64679 506888949 374 35
U 65104525823 238569 13997472813376 2
U 6551 473382 1419857 1
U 655319 144825414 85 5461
U 656580959 195411 3282709384 105
U 660671071 20645971 3282709384 1
U 66112211 3021257 2244793917 1
U 6647486615 562 33237432513 36507
U 66491415 280261313659 566 43
U 66799319 2872370711 6 397615
U 6720481351 1206881 571239707954 1
U 674128619 11187 9437789479 655
U 67487 7796434787 888 1
U 676011 69348466753019 1 1
U 68039 18465240285 3 126
U 68039 55395720855 9 14
U 68039 6155080095 1 1134
U 68389779 410338673 1 17097445
U 687 24137569 2924 1
U 687 96550276 17 43
U 6875439 9027450806 601 130
U 68771939 1673771447167 4215 1
U 6930172479 74015 62371478296 154
U 69308087 98070942847 258 281
U 69348569337839 102584820 69348466753019 1
U 7 1419857 289 2
U 7 167042 4913 1
U 7 24137569 34 1
U 7 820677346 1 1
U 703 124947416 289 2
U 703 2312 1419857 22
U 707 83771563 867 1
U 7086618222347 5699149 42519703634933 3
U 71 24137569 17 18
U 71 72412707 51 2
U 7135 21530711548 17 2
U 7135 24137569 136 223
U 7150359 868258 120687845 7
U 715519 1544804416 1105 43
U 7171 24137569 17 1793
U 718647 33647771186 1 2191
U 719 8519142 289 30
U 7215 410338673 22 82
U 7305927 109718 6830932027 1
U 732863 17697 386201104 11
U 73464639 62371478296 215 562
U 740795 1049461 24137569 3
U 7415 253589299914 1 3
U 7420154784431 560572 7420154223859 183
U 743 2244793917 34 1
U 7439 362063535 34 62
U 74607039 166 1641354692 28090
U 74607039 4399 43495899338 40
U 74607039 83 820677346 112360
U 74607039 8798 86991798676 10
U 7460711 42519703634933 6 3
U 7462519 10795 5455090594 13
U 74735 16703197748 17 27
U 74735 1836 24137569 173
U 74735 50109593244 51 3
U 7484255 21337610996 9 3998
U 752855 2751682866 2159 13
U 759 26977283 2890 1
U 76216394039 365070 21416806359889 1
U 77447 72412707 238 461
U 7759 4682688386 17 10
U 779 72412707 17 65
U 786383 868952484 731 127
U 78883 629 24137569 533
U 79 24137569 170 2
U 79 7099285 1156 1
U 7940874367583 1103061 23822621999688 31
U 7940874367583 367687 7940873999896 279
U 794565827 103621 87402137349 9
U 794565827 310863 262206412047 1
U 80339 2051693365 4017 1
U 81045539 45547592703 215 849
U 811347 3448229 24137569 1
U 81135 48275138 187 922
U 81272711519 25654265 81247057254 4
U 81272711519 51308530 162494114508 1
U 81420639838559 9325880 81420630512679 11
U 814608437047 20517037 4073021668198 1
U 819 1419857 289 205
U 82067735 410338673 2 10258467
U 820677407 122 1641354692 420429
U 820677407 61 820677346 1681716
U 820678167 821 820677346 124951
U 820679687 21069 7386096114 541
U 820679687 2341 820677346 43821
U 820679687 7023 2462032038 4869
U 8222495 45033 9365376772 2
U 82232199 4111610 2051693365 1
U 82232199 822322 410338673 25
U 8255 24137569 51 688
U 8255 48275138 102 172
U 8255 96550276 204 43
U 8267 35139 24137569 1
U 827079 9437789479 8990 1
U 8300719 3655 1834455244 127
U 830220119 566 35699464551 4215
U 835210530199 4274363 10022522088025 2
U 842591 109970764364 1 786
U 842591 3144 410338673 67
U 842687 62371478296 9 154
U 843479 262206412047 330 1
U 843479 87402137349 110 9
U 843639 9437789479 14 655
U 844787 36520141897 113 21
U 8480381079 145511 25440997726 235
U 870099 2051693365 77 565
U 8711 17523875094 51 1
U 8711 5841291698 17 9
U 8730611 81420630512679 1 11
U 8731007 18656 410338673 117
U 8731007 192038498964 1 4664
U 8731007 384076997928 2 1166
U 8731007 55968 1231016019 13
U 8731359 2035690156753 20 22
U 8733339 307343666077 11 265
U 8735583 122691263227 8 913
U 8764799 24620320380 11 3320
U 8764799 49240640760 22 830
U 87722579 49650979433 281 645
U 8779899 115525 7796434787 1
U 8885979 41444205973 83 265
U 8898911 195731547021 424 11
U 8898911 3693048057 8 30899
U 889927 9606752462 9503 1
U 895 11489482844 1 8
U 895 22978965688 2 2
U 895 410338673 32 7
U 9006095 86207 5358540318 2
U 90400155939 397615 23323239834647 1
U 90614159 274295 16944573438 2
U 90803 443576105513 1 21
U 91 1419857 289 23
U 91203039 150005 820677346 76
U 91203039 300010 1641354692 19
U 91333319 140335 66764515854 1
U 91396556367 6839012 1370941506493 1
U 9323305148279 159046 9323304989233 645
U 9347 35547 26977283 1
U 937916967 117239621 820677346 1
U 94000959 140720 68526558391 1
U 94042031 132129052706 849 86
U 9461623317047 34195013 9461589122034 3
U 94821551 34657 70167913083 4
U 94821551 69314 140335826166 1
U 94999 10258466825 190 5
U 94999 2051693365 38 125
U 95171217847 24338 1427568243367 281
U 95858099 603551 3258571815 5
U 959 11358856 4335 2
U 961463 5744741422 3 5723
U 9663 10268 24137569 4
U 9663 20536 48275138 1
U 9663 386201104 17 151
U 96759 118490 83771563 1
U 96839 22865 72412707 6
U 9764159 4359 16413546920 14
U 982554191 223499 16703197748 27
U 982554191 670497 50109593244 3
U 983 1419857 578 123
U 9887679 1641354692 22 28090
U 9887679 43495899338 583 40
U 9887679 820677346 11 112360
U 9887679 86991798676 1166 10
U 98891621879 1686 98891620193 60845
U 99 120687845 85 1
U 99 24137569 17 25
U 9939 168962983 17 355
U 9939999 17000 168962983 355
U 994557319 464185 219796703314 1
U 99808439 1205985359947 8490 1
U 999607 820677346 1 124951
U 9999 120687845 85 100
U 9999 1206878450 850 1
U 9999 24137569 17 2500
U 9999 241375690 170 25
U 9999 48275138 34 625
U 9999 603439225 425 4
