# N=1000000 mode=all family=es sample=1000000 log N=13.816

## y=30 primes=5 mu=1.5838 E_int f=1.5838 avoid_int=1.4203e-01 avoid_CRT=1.4202e-01 max f=5
# j  S_j/N   e_j   ratio  aboveN_share(e_j)  termwise_bound/(N e_j)   Bonf_int(j even)  Bonf_CRT
  0 1.0000e+00 1.0000e+00 1.0000 0.000 1.00e-06 +1.0000e+00 +1.0000e+00
  1 1.5838e+00 1.5838e+00 1.0000 0.000 1.20e-05
  2 9.8064e-01 9.8065e-01 1.0000 0.000 1.28e-04 +3.9682e-01 +3.9682e-01
  3 2.9544e-01 2.9546e-01 0.9999 0.000 1.28e-03
  4 4.3058e-02 4.3062e-02 0.9999 0.000 1.19e-02 +1.4443e-01 +1.4442e-01
  5 2.4070e-03 2.4072e-03 0.9999 0.000 1.01e-01
  6 0.0000e+00 0.0000e+00 nan nan nan +1.4203e-01 +1.4202e-01
  7 0.0000e+00 0.0000e+00 nan nan nan
  8 0.0000e+00 0.0000e+00 nan nan nan +1.4203e-01 +1.4202e-01
  9 0.0000e+00 0.0000e+00 nan nan nan
 10 0.0000e+00 0.0000e+00 nan nan nan +1.4203e-01 +1.4202e-01
 11 0.0000e+00 0.0000e+00 nan nan nan
 12 0.0000e+00 0.0000e+00 nan nan nan +1.4203e-01 +1.4202e-01
 13 0.0000e+00 0.0000e+00 nan nan nan
 14 0.0000e+00 0.0000e+00 nan nan nan +1.4203e-01 +1.4202e-01
 15 0.0000e+00 0.0000e+00 nan nan nan
 16 0.0000e+00 0.0000e+00 nan nan nan +1.4203e-01 +1.4202e-01
 17 0.0000e+00 0.0000e+00 nan nan nan
 18 0.0000e+00 0.0000e+00 nan nan nan +1.4203e-01 +1.4202e-01
 19 0.0000e+00 0.0000e+00 nan nan nan
 20 0.0000e+00 0.0000e+00 nan nan nan +1.4203e-01 +1.4202e-01
 21 0.0000e+00 0.0000e+00 nan nan nan
 22 0.0000e+00 0.0000e+00 nan nan nan +1.4203e-01 +1.4202e-01
 23 0.0000e+00 0.0000e+00 nan nan nan
 24 0.0000e+00 0.0000e+00 nan nan nan +1.4203e-01 +1.4202e-01
 25 0.0000e+00 0.0000e+00 nan nan nan
 26 0.0000e+00 0.0000e+00 nan nan nan +1.4203e-01 +1.4202e-01
 27 0.0000e+00 0.0000e+00 nan nan nan
 28 0.0000e+00 0.0000e+00 nan nan nan +1.4203e-01 +1.4202e-01
 29 0.0000e+00 0.0000e+00 nan nan nan
 30 0.0000e+00 0.0000e+00 nan nan nan +1.4203e-01 +1.4202e-01
 31 0.0000e+00 0.0000e+00 nan nan nan
 32 0.0000e+00 0.0000e+00 nan nan nan +1.4203e-01 +1.4202e-01
 33 0.0000e+00 0.0000e+00 nan nan nan
 34 0.0000e+00 0.0000e+00 nan nan nan +1.4203e-01 +1.4202e-01
 35 0.0000e+00 0.0000e+00 nan nan nan
 36 0.0000e+00 0.0000e+00 nan nan nan +1.4203e-01 +1.4202e-01
 37 0.0000e+00 0.0000e+00 nan nan nan
 38 0.0000e+00 0.0000e+00 nan nan nan +1.4203e-01 +1.4202e-01
 39 0.0000e+00 0.0000e+00 nan nan nan
 40 0.0000e+00 0.0000e+00 nan nan nan +1.4203e-01 +1.4202e-01
 41 0.0000e+00 0.0000e+00 nan nan nan
 42 0.0000e+00 0.0000e+00 nan nan nan +1.4203e-01 +1.4202e-01
 43 0.0000e+00 0.0000e+00 nan nan nan
 44 0.0000e+00 0.0000e+00 nan nan nan +1.4203e-01 +1.4202e-01
 45 0.0000e+00 0.0000e+00 nan nan nan
 46 0.0000e+00 0.0000e+00 nan nan nan +1.4203e-01 +1.4202e-01
 47 0.0000e+00 0.0000e+00 nan nan nan
 48 0.0000e+00 0.0000e+00 nan nan nan +1.4203e-01 +1.4202e-01
 49 0.0000e+00 0.0000e+00 nan nan nan
 50 0.0000e+00 0.0000e+00 nan nan nan +1.4203e-01 +1.4202e-01
 51 0.0000e+00 0.0000e+00 nan nan nan
 52 0.0000e+00 0.0000e+00 nan nan nan +1.4203e-01 +1.4202e-01
 53 0.0000e+00 0.0000e+00 nan nan nan
 54 0.0000e+00 0.0000e+00 nan nan nan +1.4203e-01 +1.4202e-01
 55 0.0000e+00 0.0000e+00 nan nan nan
 56 0.0000e+00 0.0000e+00 nan nan nan +1.4203e-01 +1.4202e-01
 57 0.0000e+00 0.0000e+00 nan nan nan
 58 0.0000e+00 0.0000e+00 nan nan nan +1.4203e-01 +1.4202e-01
 59 0.0000e+00 0.0000e+00 nan nan nan
 60 0.0000e+00 0.0000e+00 nan nan nan +1.4203e-01 +1.4202e-01
 61 0.0000e+00 0.0000e+00 nan nan nan
 62 0.0000e+00 0.0000e+00 nan nan nan +1.4203e-01 +1.4202e-01
 63 0.0000e+00 0.0000e+00 nan nan nan
 64 0.0000e+00 0.0000e+00 nan nan nan +1.4203e-01 +1.4202e-01
# TC check: K  eta(K)=max_{j<=K}|S_j/N-e_j|  eta_K=exp(-K/e^2)/K  mu<=K/e^2?  TC(N;K,y,eta_K) holds?
#TC   2 8.214e-06 3.814e-01 False True
#TC   4 1.898e-05 1.455e-01 False True
#TC   6 1.898e-05 7.399e-02 False True
#TC   8 1.898e-05 4.234e-02 False True
#TC  10 1.898e-05 2.584e-02 False True
#TC  12 1.898e-05 1.643e-02 True True
#TC  14 1.898e-05 1.074e-02 True True
#TC  16 1.898e-05 7.169e-03 True True
#TC  18 1.898e-05 4.862e-03 True True
#TC  20 1.898e-05 3.338e-03 True True
#TC  22 1.898e-05 2.315e-03 True True
#TC  24 1.898e-05 1.619e-03 True True
#TC  26 1.898e-05 1.140e-03 True True
#TC  28 1.898e-05 8.075e-04 True True
#TC  30 1.898e-05 5.749e-04 True True
#TC  32 1.898e-05 4.112e-04 True True
#TC  34 1.898e-05 2.952e-04 True True
#TC  36 1.898e-05 2.127e-04 True True
#TC  38 1.898e-05 1.537e-04 True True
#TC  40 1.898e-05 1.114e-04 True True
#TC  42 1.898e-05 8.094e-05 True True
#TC  44 1.898e-05 5.894e-05 True True
#TC  46 1.898e-05 4.301e-05 True True
#TC  48 1.898e-05 3.144e-05 True True
#TC  50 1.898e-05 2.303e-05 True True
#TC  52 1.898e-05 1.689e-05 True False
#TC  54 1.898e-05 1.241e-05 True False
#TC  56 1.898e-05 9.128e-06 True False
#TC  58 1.898e-05 6.724e-06 True False
#TC  60 1.898e-05 4.958e-06 True False
#TC  62 1.898e-05 3.660e-06 True False
#TC  64 1.898e-05 2.705e-06 True False

## y=100 primes=13 mu=2.7731 E_int f=2.7730 avoid_int=3.8319e-02 avoid_CRT=3.8119e-02 max f=10
# j  S_j/N   e_j   ratio  aboveN_share(e_j)  termwise_bound/(N e_j)   Bonf_int(j even)  Bonf_CRT
  0 1.0000e+00 1.0000e+00 1.0000 0.000 1.00e-06 +1.0000e+00 +1.0000e+00
  1 2.7730e+00 2.7731e+00 1.0000 -0.000 3.21e-05
  2 3.4632e+00 3.4633e+00 1.0000 0.000 1.02e-03 +1.6901e+00 +1.6902e+00
  3 2.5766e+00 2.5771e+00 0.9998 0.000 3.18e-02
  4 1.2724e+00 1.2737e+00 0.9990 0.208 9.77e-01 +3.8594e-01 +3.8680e-01
  5 4.3867e-01 4.4110e-01 0.9945 0.834 2.96e+01
  6 1.0776e-01 1.0999e-01 0.9798 1.000 8.79e+02 +5.5035e-02 +5.5683e-02
  7 1.8820e-02 1.9964e-02 0.9427 1.000 2.57e+04
  8 2.2680e-03 2.6333e-03 0.8613 1.000 7.40e+05 +3.8483e-02 +3.8352e-02
  9 1.6900e-04 2.4873e-04 0.6795 1.000 2.10e+07
 10 5.0000e-06 1.6305e-05 0.3066 1.000 5.85e+08 +3.8319e-02 +3.8120e-02
 11 0.0000e+00 6.9989e-07 0.0000 1.000 1.61e+10
 12 0.0000e+00 1.7548e-08 0.0000 1.000 4.38e+11 +3.8319e-02 +3.8119e-02
 13 0.0000e+00 1.9292e-10 0.0000 1.000 1.16e+13
 14 0.0000e+00 0.0000e+00 nan nan nan +3.8319e-02 +3.8119e-02
 15 0.0000e+00 0.0000e+00 nan nan nan
 16 0.0000e+00 0.0000e+00 nan nan nan +3.8319e-02 +3.8119e-02
 17 0.0000e+00 0.0000e+00 nan nan nan
 18 0.0000e+00 0.0000e+00 nan nan nan +3.8319e-02 +3.8119e-02
 19 0.0000e+00 0.0000e+00 nan nan nan
 20 0.0000e+00 0.0000e+00 nan nan nan +3.8319e-02 +3.8119e-02
 21 0.0000e+00 0.0000e+00 nan nan nan
 22 0.0000e+00 0.0000e+00 nan nan nan +3.8319e-02 +3.8119e-02
 23 0.0000e+00 0.0000e+00 nan nan nan
 24 0.0000e+00 0.0000e+00 nan nan nan +3.8319e-02 +3.8119e-02
 25 0.0000e+00 0.0000e+00 nan nan nan
 26 0.0000e+00 0.0000e+00 nan nan nan +3.8319e-02 +3.8119e-02
 27 0.0000e+00 0.0000e+00 nan nan nan
 28 0.0000e+00 0.0000e+00 nan nan nan +3.8319e-02 +3.8119e-02
 29 0.0000e+00 0.0000e+00 nan nan nan
 30 0.0000e+00 0.0000e+00 nan nan nan +3.8319e-02 +3.8119e-02
 31 0.0000e+00 0.0000e+00 nan nan nan
 32 0.0000e+00 0.0000e+00 nan nan nan +3.8319e-02 +3.8119e-02
 33 0.0000e+00 0.0000e+00 nan nan nan
 34 0.0000e+00 0.0000e+00 nan nan nan +3.8319e-02 +3.8119e-02
 35 0.0000e+00 0.0000e+00 nan nan nan
 36 0.0000e+00 0.0000e+00 nan nan nan +3.8319e-02 +3.8119e-02
 37 0.0000e+00 0.0000e+00 nan nan nan
 38 0.0000e+00 0.0000e+00 nan nan nan +3.8319e-02 +3.8119e-02
 39 0.0000e+00 0.0000e+00 nan nan nan
 40 0.0000e+00 0.0000e+00 nan nan nan +3.8319e-02 +3.8119e-02
 41 0.0000e+00 0.0000e+00 nan nan nan
 42 0.0000e+00 0.0000e+00 nan nan nan +3.8319e-02 +3.8119e-02
 43 0.0000e+00 0.0000e+00 nan nan nan
 44 0.0000e+00 0.0000e+00 nan nan nan +3.8319e-02 +3.8119e-02
 45 0.0000e+00 0.0000e+00 nan nan nan
 46 0.0000e+00 0.0000e+00 nan nan nan +3.8319e-02 +3.8119e-02
 47 0.0000e+00 0.0000e+00 nan nan nan
 48 0.0000e+00 0.0000e+00 nan nan nan +3.8319e-02 +3.8119e-02
 49 0.0000e+00 0.0000e+00 nan nan nan
 50 0.0000e+00 0.0000e+00 nan nan nan +3.8319e-02 +3.8119e-02
 51 0.0000e+00 0.0000e+00 nan nan nan
 52 0.0000e+00 0.0000e+00 nan nan nan +3.8319e-02 +3.8119e-02
 53 0.0000e+00 0.0000e+00 nan nan nan
 54 0.0000e+00 0.0000e+00 nan nan nan +3.8319e-02 +3.8119e-02
 55 0.0000e+00 0.0000e+00 nan nan nan
 56 0.0000e+00 0.0000e+00 nan nan nan +3.8319e-02 +3.8119e-02
 57 0.0000e+00 0.0000e+00 nan nan nan
 58 0.0000e+00 0.0000e+00 nan nan nan +3.8319e-02 +3.8119e-02
 59 0.0000e+00 0.0000e+00 nan nan nan
 60 0.0000e+00 0.0000e+00 nan nan nan +3.8319e-02 +3.8119e-02
 61 0.0000e+00 0.0000e+00 nan nan nan
 62 0.0000e+00 0.0000e+00 nan nan nan +3.8319e-02 +3.8119e-02
 63 0.0000e+00 0.0000e+00 nan nan nan
 64 0.0000e+00 0.0000e+00 nan nan nan +3.8319e-02 +3.8119e-02
# TC check: K  eta(K)=max_{j<=K}|S_j/N-e_j|  eta_K=exp(-K/e^2)/K  mu<=K/e^2?  TC(N;K,y,eta_K) holds?
#TC   2 9.243e-05 3.814e-01 False True
#TC   4 1.335e-03 1.455e-01 False True
#TC   6 2.436e-03 7.399e-02 False True
#TC   8 2.436e-03 4.234e-02 False True
#TC  10 2.436e-03 2.584e-02 False True
#TC  12 2.436e-03 1.643e-02 False True
#TC  14 2.436e-03 1.074e-02 False True
#TC  16 2.436e-03 7.169e-03 False True
#TC  18 2.436e-03 4.862e-03 False True
#TC  20 2.436e-03 3.338e-03 False True
#TC  22 2.436e-03 2.315e-03 True False
#TC  24 2.436e-03 1.619e-03 True False
#TC  26 2.436e-03 1.140e-03 True False
#TC  28 2.436e-03 8.075e-04 True False
#TC  30 2.436e-03 5.749e-04 True False
#TC  32 2.436e-03 4.112e-04 True False
#TC  34 2.436e-03 2.952e-04 True False
#TC  36 2.436e-03 2.127e-04 True False
#TC  38 2.436e-03 1.537e-04 True False
#TC  40 2.436e-03 1.114e-04 True False
#TC  42 2.436e-03 8.094e-05 True False
#TC  44 2.436e-03 5.894e-05 True False
#TC  46 2.436e-03 4.301e-05 True False
#TC  48 2.436e-03 3.144e-05 True False
#TC  50 2.436e-03 2.303e-05 True False
#TC  52 2.436e-03 1.689e-05 True False
#TC  54 2.436e-03 1.241e-05 True False
#TC  56 2.436e-03 9.128e-06 True False
#TC  58 2.436e-03 6.724e-06 True False
#TC  60 2.436e-03 4.958e-06 True False
#TC  62 2.436e-03 3.660e-06 True False
#TC  64 2.436e-03 2.705e-06 True False

## y=300 primes=32 mu=4.1459 E_int f=4.1458 avoid_int=9.6510e-03 avoid_CRT=8.9893e-03 max f=14
# j  S_j/N   e_j   ratio  aboveN_share(e_j)  termwise_bound/(N e_j)   Bonf_int(j even)  Bonf_CRT
  0 1.0000e+00 1.0000e+00 1.0000 0.000 1.00e-06 +1.0000e+00 +1.0000e+00
  1 4.1458e+00 4.1459e+00 1.0000 0.000 8.39e-05
  2 8.1456e+00 8.1464e+00 0.9999 0.000 7.06e-03 +4.9998e+00 +5.0005e+00
  3 1.0097e+01 1.0107e+01 0.9990 0.144 5.95e-01
  4 8.8672e+00 8.8990e+00 0.9964 0.726 5.02e+01 +3.7704e+00 +3.7926e+00
  5 5.8669e+00 5.9256e+00 0.9901 0.984 4.25e+03
  6 3.0317e+00 3.1049e+00 0.9764 1.000 3.60e+05 +9.3529e-01 +9.7186e-01
  7 1.2513e+00 1.3152e+00 0.9514 1.000 3.06e+07
  8 4.1835e-01 4.5916e-01 0.9111 1.000 2.61e+09 +1.0239e-01 +1.1582e-01
  9 1.1408e-01 1.3402e-01 0.8512 1.000 2.23e+11
 10 2.5193e-02 3.3057e-02 0.7621 1.000 1.91e+13 +1.3498e-02 +1.4856e-02
 11 4.3440e-03 6.9477e-03 0.6252 1.000 1.64e+15
 12 5.3500e-04 1.2521e-03 0.4273 1.000 1.40e+17 +9.6890e-03 +9.1604e-03
 13 3.9000e-05 1.9439e-04 0.2006 1.000 1.21e+19
 14 1.0000e-06 2.6087e-05 0.0383 1.000 1.04e+21 +9.6510e-03 +8.9921e-03
 15 0.0000e+00 3.0331e-06 0.0000 1.000 8.98e+22
 16 0.0000e+00 3.0590e-07 0.0000 1.000 7.76e+24 +9.6510e-03 +8.9894e-03
 17 0.0000e+00 2.6767e-08 0.0000 1.000 6.71e+26
 18 0.0000e+00 2.0307e-09 0.0000 1.000 5.81e+28 +9.6510e-03 +8.9893e-03
 19 0.0000e+00 1.3333e-10 0.0000 1.000 5.03e+30
 20 0.0000e+00 7.5559e-12 0.0000 1.000 4.37e+32 +9.6510e-03 +8.9893e-03
 21 0.0000e+00 3.6806e-13 0.0000 1.000 3.80e+34
 22 0.0000e+00 1.5328e-14 0.0000 1.000 3.30e+36 +9.6510e-03 +8.9893e-03
 23 0.0000e+00 5.4187e-16 0.0000 1.000 2.88e+38
 24 0.0000e+00 1.6111e-17 0.0000 1.000 2.52e+40 +9.6510e-03 +8.9893e-03
 25 0.0000e+00 3.9806e-19 0.0000 1.000 2.21e+42
 26 0.0000e+00 8.0450e-21 0.0000 1.000 1.95e+44 +9.6510e-03 +8.9893e-03
 27 0.0000e+00 1.3023e-22 0.0000 1.000 1.73e+46
 28 0.0000e+00 1.6399e-24 0.0000 1.000 1.54e+48 +9.6510e-03 +8.9893e-03
 29 0.0000e+00 1.5398e-26 0.0000 1.000 1.38e+50
 30 0.0000e+00 1.0087e-28 0.0000 1.000 1.26e+52 +9.6510e-03 +8.9893e-03
 31 0.0000e+00 4.0871e-31 0.0000 1.000 1.15e+54
 32 0.0000e+00 7.6597e-34 0.0000 1.000 1.07e+56 +9.6510e-03 +8.9893e-03
 33 0.0000e+00 0.0000e+00 nan nan nan
 34 0.0000e+00 0.0000e+00 nan nan nan +9.6510e-03 +8.9893e-03
 35 0.0000e+00 0.0000e+00 nan nan nan
 36 0.0000e+00 0.0000e+00 nan nan nan +9.6510e-03 +8.9893e-03
 37 0.0000e+00 0.0000e+00 nan nan nan
 38 0.0000e+00 0.0000e+00 nan nan nan +9.6510e-03 +8.9893e-03
 39 0.0000e+00 0.0000e+00 nan nan nan
 40 0.0000e+00 0.0000e+00 nan nan nan +9.6510e-03 +8.9893e-03
 41 0.0000e+00 0.0000e+00 nan nan nan
 42 0.0000e+00 0.0000e+00 nan nan nan +9.6510e-03 +8.9893e-03
 43 0.0000e+00 0.0000e+00 nan nan nan
 44 0.0000e+00 0.0000e+00 nan nan nan +9.6510e-03 +8.9893e-03
 45 0.0000e+00 0.0000e+00 nan nan nan
 46 0.0000e+00 0.0000e+00 nan nan nan +9.6510e-03 +8.9893e-03
 47 0.0000e+00 0.0000e+00 nan nan nan
 48 0.0000e+00 0.0000e+00 nan nan nan +9.6510e-03 +8.9893e-03
 49 0.0000e+00 0.0000e+00 nan nan nan
 50 0.0000e+00 0.0000e+00 nan nan nan +9.6510e-03 +8.9893e-03
 51 0.0000e+00 0.0000e+00 nan nan nan
 52 0.0000e+00 0.0000e+00 nan nan nan +9.6510e-03 +8.9893e-03
 53 0.0000e+00 0.0000e+00 nan nan nan
 54 0.0000e+00 0.0000e+00 nan nan nan +9.6510e-03 +8.9893e-03
 55 0.0000e+00 0.0000e+00 nan nan nan
 56 0.0000e+00 0.0000e+00 nan nan nan +9.6510e-03 +8.9893e-03
 57 0.0000e+00 0.0000e+00 nan nan nan
 58 0.0000e+00 0.0000e+00 nan nan nan +9.6510e-03 +8.9893e-03
 59 0.0000e+00 0.0000e+00 nan nan nan
 60 0.0000e+00 0.0000e+00 nan nan nan +9.6510e-03 +8.9893e-03
 61 0.0000e+00 0.0000e+00 nan nan nan
 62 0.0000e+00 0.0000e+00 nan nan nan +9.6510e-03 +8.9893e-03
 63 0.0000e+00 0.0000e+00 nan nan nan
 64 0.0000e+00 0.0000e+00 nan nan nan +9.6510e-03 +8.9893e-03
# TC check: K  eta(K)=max_{j<=K}|S_j/N-e_j|  eta_K=exp(-K/e^2)/K  mu<=K/e^2?  TC(N;K,y,eta_K) holds?
#TC   2 7.872e-04 3.814e-01 False True
#TC   4 3.179e-02 1.455e-01 False True
#TC   6 7.313e-02 7.399e-02 False True
#TC   8 7.313e-02 4.234e-02 False False
#TC  10 7.313e-02 2.584e-02 False False
#TC  12 7.313e-02 1.643e-02 False False
#TC  14 7.313e-02 1.074e-02 False False
#TC  16 7.313e-02 7.169e-03 False False
#TC  18 7.313e-02 4.862e-03 False False
#TC  20 7.313e-02 3.338e-03 False False
#TC  22 7.313e-02 2.315e-03 False False
#TC  24 7.313e-02 1.619e-03 False False
#TC  26 7.313e-02 1.140e-03 False False
#TC  28 7.313e-02 8.075e-04 False False
#TC  30 7.313e-02 5.749e-04 False False
#TC  32 7.313e-02 4.112e-04 True False
#TC  34 7.313e-02 2.952e-04 True False
#TC  36 7.313e-02 2.127e-04 True False
#TC  38 7.313e-02 1.537e-04 True False
#TC  40 7.313e-02 1.114e-04 True False
#TC  42 7.313e-02 8.094e-05 True False
#TC  44 7.313e-02 5.894e-05 True False
#TC  46 7.313e-02 4.301e-05 True False
#TC  48 7.313e-02 3.144e-05 True False
#TC  50 7.313e-02 2.303e-05 True False
#TC  52 7.313e-02 1.689e-05 True False
#TC  54 7.313e-02 1.241e-05 True False
#TC  56 7.313e-02 9.128e-06 True False
#TC  58 7.313e-02 6.724e-06 True False
#TC  60 7.313e-02 4.958e-06 True False
#TC  62 7.313e-02 3.660e-06 True False
#TC  64 7.313e-02 2.705e-06 True False

## y=1000 primes=87 mu=6.0005 E_int f=6.0001 avoid_int=2.3070e-03 avoid_CRT=1.3270e-03 max f=19
# j  S_j/N   e_j   ratio  aboveN_share(e_j)  termwise_bound/(N e_j)   Bonf_int(j even)  Bonf_CRT
  0 1.0000e+00 1.0000e+00 1.0000 0.000 1.00e-06 +1.0000e+00 +1.0000e+00
  1 6.0001e+00 6.0005e+00 0.9999 0.000 2.39e-04
  2 1.7493e+01 1.7500e+01 0.9996 0.000 5.75e-02 +1.2493e+01 +1.2499e+01
  3 3.2988e+01 3.3080e+01 0.9972 0.506 1.39e+01
  4 4.5240e+01 4.5603e+01 0.9920 0.928 3.40e+03 +2.4744e+01 +2.5023e+01
  5 4.8089e+01 4.8913e+01 0.9832 0.998 8.35e+05
  6 4.1240e+01 4.2523e+01 0.9698 1.000 2.06e+08 +1.7895e+01 +1.8633e+01
  7 2.9326e+01 3.0825e+01 0.9514 1.000 5.14e+10
  8 1.7647e+01 1.9020e+01 0.9278 1.000 1.29e+13 +6.2157e+00 +6.8293e+00
  9 9.1374e+00 1.0150e+01 0.9002 1.000 3.25e+15
 10 4.1390e+00 4.7431e+00 0.8726 1.000 8.24e+17 +1.2173e+00 +1.4224e+00
 11 1.6702e+00 1.9606e+00 0.8519 1.000 2.10e+20
 12 6.1130e-01 7.2284e-01 0.8457 1.000 5.39e+22 +1.5840e-01 +1.8462e-01
 13 2.0481e-01 2.3937e-01 0.8556 1.000 1.39e+25
 14 6.2053e-02 7.1620e-02 0.8664 1.000 3.61e+27 +1.5646e-02 +1.6868e-02
 15 1.6341e-02 1.9460e-02 0.8397 1.000 9.43e+29
 16 3.5090e-03 4.8231e-03 0.7275 1.000 2.48e+32 +2.8140e-03 +2.2305e-03
 17 5.6300e-04 1.0946e-03 0.5144 1.000 6.53e+34
 18 5.9000e-05 2.2823e-04 0.2585 1.000 1.73e+37 +2.3100e-03 +1.3641e-03
 19 3.0000e-06 4.3855e-05 0.0684 1.000 4.62e+39
 20 0.0000e+00 7.7866e-06 0.0000 1.000 1.24e+42 +2.3070e-03 +1.3281e-03
 21 0.0000e+00 1.2805e-06 0.0000 1.000 3.34e+44
 22 0.0000e+00 1.9547e-07 0.0000 1.000 9.04e+46 +2.3070e-03 +1.3270e-03
 23 0.0000e+00 2.7748e-08 0.0000 1.000 2.46e+49
 24 0.0000e+00 3.6698e-09 0.0000 1.000 6.73e+51 +2.3070e-03 +1.3270e-03
 25 0.0000e+00 4.5286e-10 0.0000 1.000 1.85e+54
 26 0.0000e+00 5.2217e-11 0.0000 1.000 5.11e+56 +2.3070e-03 +1.3270e-03
 27 0.0000e+00 5.6332e-12 0.0000 1.000 1.42e+59
 28 0.0000e+00 5.6924e-13 0.0000 1.000 3.95e+61 +2.3070e-03 +1.3270e-03
 29 0.0000e+00 5.3937e-14 0.0000 1.000 1.11e+64
 30 0.0000e+00 4.7967e-15 0.0000 1.000 3.12e+66 +2.3070e-03 +1.3270e-03
 31 0.0000e+00 4.0072e-16 0.0000 1.000 8.81e+68
 32 0.0000e+00 3.1472e-17 0.0000 1.000 2.50e+71 +2.3070e-03 +1.3270e-03
 33 0.0000e+00 2.3253e-18 0.0000 1.000 7.15e+73
 34 0.0000e+00 1.6173e-19 0.0000 1.000 2.05e+76 +2.3070e-03 +1.3270e-03
 35 0.0000e+00 1.0594e-20 0.0000 1.000 5.90e+78
 36 0.0000e+00 6.5399e-22 0.0000 1.000 1.71e+81 +2.3070e-03 +1.3270e-03
 37 0.0000e+00 3.8059e-23 0.0000 1.000 4.97e+83
 38 0.0000e+00 2.0887e-24 0.0000 1.000 1.45e+86 +2.3070e-03 +1.3270e-03
 39 0.0000e+00 1.0814e-25 0.0000 1.000 4.26e+88
 40 0.0000e+00 5.2833e-27 0.0000 1.000 1.25e+91 +2.3070e-03 +1.3270e-03
 41 0.0000e+00 2.4361e-28 0.0000 1.000 3.71e+93
 42 0.0000e+00 1.0603e-29 0.0000 1.000 1.10e+96 +2.3070e-03 +1.3270e-03
 43 0.0000e+00 4.3569e-31 0.0000 1.000 3.30e+98
 44 0.0000e+00 1.6902e-32 0.0000 1.000 9.89e+100 +2.3070e-03 +1.3270e-03
 45 0.0000e+00 6.1903e-34 0.0000 1.000 2.98e+103
 46 0.0000e+00 2.1404e-35 0.0000 1.000 9.01e+105 +2.3070e-03 +1.3270e-03
 47 0.0000e+00 6.9862e-37 0.0000 1.000 2.74e+108
 48 0.0000e+00 2.1522e-38 0.0000 1.000 8.36e+110 +2.3070e-03 +1.3270e-03
 49 0.0000e+00 6.2565e-40 0.0000 1.000 2.56e+113
 50 0.0000e+00 1.7159e-41 0.0000 1.000 7.88e+115 +2.3070e-03 +1.3270e-03
 51 0.0000e+00 4.4384e-43 0.0000 1.000 2.44e+118
 52 0.0000e+00 1.0824e-44 0.0000 1.000 7.56e+120 +2.3070e-03 +1.3270e-03
 53 0.0000e+00 2.4876e-46 0.0000 1.000 2.36e+123
 54 0.0000e+00 5.3853e-48 0.0000 1.000 7.37e+125 +2.3070e-03 +1.3270e-03
 55 0.0000e+00 1.0976e-49 0.0000 1.000 2.32e+128
 56 0.0000e+00 2.1047e-51 0.0000 1.000 7.31e+130 +2.3070e-03 +1.3270e-03
 57 0.0000e+00 3.7946e-53 0.0000 1.000 2.31e+133
 58 0.0000e+00 6.4278e-55 0.0000 1.000 7.36e+135 +2.3070e-03 +1.3270e-03
 59 0.0000e+00 1.0221e-56 0.0000 1.000 2.35e+138
 60 0.0000e+00 1.5242e-58 0.0000 1.000 7.54e+140 +2.3070e-03 +1.3270e-03
 61 0.0000e+00 2.1294e-60 0.0000 1.000 2.43e+143
 62 0.0000e+00 2.7840e-62 0.0000 1.000 7.84e+145 +2.3070e-03 +1.3270e-03
 63 0.0000e+00 3.4017e-64 0.0000 1.000 2.54e+148
 64 0.0000e+00 3.8791e-66 0.0000 1.000 8.28e+150 +2.3070e-03 +1.3270e-03
# TC check: K  eta(K)=max_{j<=K}|S_j/N-e_j|  eta_K=exp(-K/e^2)/K  mu<=K/e^2?  TC(N;K,y,eta_K) holds?
#TC   2 7.199e-03 3.814e-01 False True
#TC   4 3.634e-01 1.455e-01 False False
#TC   6 1.283e+00 7.399e-02 False False
#TC   8 1.498e+00 4.234e-02 False False
#TC  10 1.498e+00 2.584e-02 False False
#TC  12 1.498e+00 1.643e-02 False False
#TC  14 1.498e+00 1.074e-02 False False
#TC  16 1.498e+00 7.169e-03 False False
#TC  18 1.498e+00 4.862e-03 False False
#TC  20 1.498e+00 3.338e-03 False False
#TC  22 1.498e+00 2.315e-03 False False
#TC  24 1.498e+00 1.619e-03 False False
#TC  26 1.498e+00 1.140e-03 False False
#TC  28 1.498e+00 8.075e-04 False False
#TC  30 1.498e+00 5.749e-04 False False
#TC  32 1.498e+00 4.112e-04 False False
#TC  34 1.498e+00 2.952e-04 False False
#TC  36 1.498e+00 2.127e-04 False False
#TC  38 1.498e+00 1.537e-04 False False
#TC  40 1.498e+00 1.114e-04 False False
#TC  42 1.498e+00 8.094e-05 False False
#TC  44 1.498e+00 5.894e-05 False False
#TC  46 1.498e+00 4.301e-05 True False
#TC  48 1.498e+00 3.144e-05 True False
#TC  50 1.498e+00 2.303e-05 True False
#TC  52 1.498e+00 1.689e-05 True False
#TC  54 1.498e+00 1.241e-05 True False
#TC  56 1.498e+00 9.128e-06 True False
#TC  58 1.498e+00 6.724e-06 True False
#TC  60 1.498e+00 4.958e-06 True False
#TC  62 1.498e+00 3.660e-06 True False
#TC  64 1.498e+00 2.705e-06 True False

## y=3000 primes=218 mu=8.0087 E_int f=8.0072 avoid_int=1.1760e-03 avoid_CRT=1.7319e-04 max f=27
# j  S_j/N   e_j   ratio  aboveN_share(e_j)  termwise_bound/(N e_j)   Bonf_int(j even)  Bonf_CRT
  0 1.0000e+00 1.0000e+00 1.0000 0.000 1.00e-06 +1.0000e+00 +1.0000e+00
  1 8.0072e+00 8.0087e+00 0.9998 0.000 6.39e-04
  2 3.1506e+01 3.1539e+01 0.9990 0.118 4.11e-01 +2.4499e+01 +2.4530e+01
  3 8.1100e+01 8.1452e+01 0.9957 0.745 2.67e+02
  4 1.5360e+02 1.5524e+02 0.9894 0.977 1.74e+05 +9.6997e+01 +9.8313e+01
  5 2.2830e+02 2.3293e+02 0.9801 1.000 1.15e+08
  6 2.7760e+02 2.8672e+02 0.9682 1.000 7.62e+10 +1.4629e+02 +1.5210e+02
  7 2.8468e+02 2.9783e+02 0.9558 1.000 5.09e+13
  8 2.5291e+02 2.6658e+02 0.9487 1.000 3.43e+16 +1.1452e+02 +1.2084e+02
  9 2.0061e+02 2.0889e+02 0.9604 1.000 2.32e+19
 10 1.4804e+02 1.4513e+02 1.0200 1.000 1.58e+22 +6.1950e+01 +5.7076e+01
 11 1.0723e+02 9.0311e+01 1.1873 1.000 1.08e+25
 12 7.9961e+01 5.0763e+01 1.5752 1.000 7.48e+27 +3.4683e+01 +1.7528e+01
 13 6.1863e+01 2.5959e+01 2.3832 1.000 5.19e+30
 14 4.7794e+01 1.2150e+01 3.9338 1.000 3.62e+33 +2.0614e+01 +3.7194e+00
 15 3.5001e+01 5.2321e+00 6.6897 1.000 2.54e+36
 16 2.3335e+01 2.0826e+00 11.2048 1.000 1.79e+39 +8.9482e+00 +5.6997e-01
 17 1.3804e+01 7.6931e-01 17.9435 1.000 1.27e+42
 18 7.1256e+00 2.6468e-01 26.9219 1.000 9.05e+44 +2.2697e+00 +6.5339e-02
 19 3.1679e+00 8.5083e-02 37.2333 1.000 6.49e+47
 20 1.1975e+00 2.5628e-02 46.7240 1.000 4.67e+50 +2.9927e-01 +5.8848e-03
 21 3.7910e-01 7.2524e-03 52.2718 1.000 3.38e+53
 22 9.8582e-02 1.9326e-03 51.0092 1.000 2.45e+56 +1.8750e-02 +5.6505e-04
 23 2.0500e-02 4.8602e-04 42.1794 1.000 1.79e+59
 24 3.2770e-03 1.1557e-04 28.3546 1.000 1.31e+62 +1.5270e-03 +1.9461e-04
 25 3.7800e-04 2.6034e-05 14.5197 1.000 9.68e+64
 26 2.8000e-05 5.5644e-06 5.0320 1.000 7.16e+67 +1.1770e-03 +1.7414e-04
 27 1.0000e-06 1.1303e-06 0.8847 1.000 5.32e+70
 28 0.0000e+00 2.1850e-07 0.0000 1.000 3.96e+73 +1.1760e-03 +1.7323e-04
 29 0.0000e+00 4.0252e-08 0.0000 1.000 2.97e+76
 30 0.0000e+00 7.0753e-09 0.0000 1.000 2.23e+79 +1.1760e-03 +1.7319e-04
 31 0.0000e+00 1.1880e-09 0.0000 1.000 1.68e+82
 32 0.0000e+00 1.9077e-10 0.0000 1.000 1.28e+85 +1.1760e-03 +1.7319e-04
 33 0.0000e+00 2.9325e-11 0.0000 1.000 9.70e+87
 34 0.0000e+00 4.3193e-12 0.0000 1.000 7.40e+90 +1.1760e-03 +1.7319e-04
 35 0.0000e+00 6.1016e-13 0.0000 1.000 5.67e+93
 36 0.0000e+00 8.2735e-14 0.0000 1.000 4.36e+96 +1.1760e-03 +1.7319e-04
 37 0.0000e+00 1.0777e-14 0.0000 1.000 3.36e+99
 38 0.0000e+00 1.3497e-15 0.0000 1.000 2.60e+102 +1.1760e-03 +1.7319e-04
 39 0.0000e+00 1.6261e-16 0.0000 1.000 2.02e+105
 40 0.0000e+00 1.8862e-17 0.0000 1.000 1.57e+108 +1.1760e-03 +1.7319e-04
 41 0.0000e+00 2.1078e-18 0.0000 1.000 1.23e+111
 42 0.0000e+00 2.2705e-19 0.0000 1.000 9.63e+113 +1.1760e-03 +1.7319e-04
 43 0.0000e+00 2.3590e-20 0.0000 1.000 7.57e+116
 44 0.0000e+00 2.3653e-21 0.0000 1.000 5.97e+119 +1.1760e-03 +1.7319e-04
 45 0.0000e+00 2.2900e-22 0.0000 1.000 4.72e+122
 46 0.0000e+00 2.1419e-23 0.0000 1.000 3.75e+125 +1.1760e-03 +1.7319e-04
 47 0.0000e+00 1.9363e-24 0.0000 1.000 2.98e+128
 48 0.0000e+00 1.6926e-25 0.0000 1.000 2.38e+131 +1.1760e-03 +1.7319e-04
 49 0.0000e+00 1.4314e-26 0.0000 1.000 1.91e+134
 50 0.0000e+00 1.1716e-27 0.0000 1.000 1.53e+137 +1.1760e-03 +1.7319e-04
 51 0.0000e+00 9.2839e-29 0.0000 1.000 1.23e+140
 52 0.0000e+00 7.1258e-30 0.0000 1.000 9.94e+142 +1.1760e-03 +1.7319e-04
 53 0.0000e+00 5.2995e-31 0.0000 1.000 8.05e+145
 54 0.0000e+00 3.8202e-32 0.0000 1.000 6.53e+148 +1.1760e-03 +1.7319e-04
 55 0.0000e+00 2.6702e-33 0.0000 1.000 5.31e+151
 56 0.0000e+00 1.8102e-34 0.0000 1.000 4.33e+154 +1.1760e-03 +1.7319e-04
 57 0.0000e+00 1.1907e-35 0.0000 1.000 3.55e+157
 58 0.0000e+00 7.6013e-37 0.0000 1.000 2.91e+160 +1.1760e-03 +1.7319e-04
 59 0.0000e+00 4.7109e-38 0.0000 1.000 2.39e+163
 60 0.0000e+00 2.8351e-39 0.0000 1.000 1.97e+166 +1.1760e-03 +1.7319e-04
 61 0.0000e+00 1.6573e-40 0.0000 1.000 1.63e+169
 62 0.0000e+00 9.4129e-42 0.0000 1.000 1.35e+172 +1.1760e-03 +1.7319e-04
 63 0.0000e+00 5.1955e-43 0.0000 1.000 1.12e+175
 64 0.0000e+00 2.7875e-44 0.0000 1.000 9.30e+177 +1.1760e-03 +1.7319e-04
# TC check: K  eta(K)=max_{j<=K}|S_j/N-e_j|  eta_K=exp(-K/e^2)/K  mu<=K/e^2?  TC(N;K,y,eta_K) holds?
#TC   2 3.308e-02 3.814e-01 False True
#TC   4 1.638e+00 1.455e-01 False False
#TC   6 9.115e+00 7.399e-02 False False
#TC   8 1.367e+01 4.234e-02 False False
#TC  10 1.367e+01 2.584e-02 False False
#TC  12 2.920e+01 1.643e-02 False False
#TC  14 3.590e+01 1.074e-02 False False
#TC  16 3.590e+01 7.169e-03 False False
#TC  18 3.590e+01 4.862e-03 False False
#TC  20 3.590e+01 3.338e-03 False False
#TC  22 3.590e+01 2.315e-03 False False
#TC  24 3.590e+01 1.619e-03 False False
#TC  26 3.590e+01 1.140e-03 False False
#TC  28 3.590e+01 8.075e-04 False False
#TC  30 3.590e+01 5.749e-04 False False
#TC  32 3.590e+01 4.112e-04 False False
#TC  34 3.590e+01 2.952e-04 False False
#TC  36 3.590e+01 2.127e-04 False False
#TC  38 3.590e+01 1.537e-04 False False
#TC  40 3.590e+01 1.114e-04 False False
#TC  42 3.590e+01 8.094e-05 False False
#TC  44 3.590e+01 5.894e-05 False False
#TC  46 3.590e+01 4.301e-05 False False
#TC  48 3.590e+01 3.144e-05 False False
#TC  50 3.590e+01 2.303e-05 False False
#TC  52 3.590e+01 1.689e-05 False False
#TC  54 3.590e+01 1.241e-05 False False
#TC  56 3.590e+01 9.128e-06 False False
#TC  58 3.590e+01 6.724e-06 False False
#TC  60 3.590e+01 4.958e-06 True False
#TC  62 3.590e+01 3.660e-06 True False
#TC  64 3.590e+01 2.705e-06 True False
