# N=10000000 mode=all family=es sample=10000000 log N=16.118

## y=30 primes=5 mu=1.5838 E_int f=1.5838 avoid_int=1.4202e-01 avoid_CRT=1.4202e-01 max f=5
# j  S_j/N   e_j   ratio  aboveN_share(e_j)  termwise_bound/(N e_j)   Bonf_int(j even)  Bonf_CRT
  0 1.0000e+00 1.0000e+00 1.0000 0.000 1.00e-07 +1.0000e+00 +1.0000e+00
  1 1.5838e+00 1.5838e+00 1.0000 0.000 1.20e-06
  2 9.8065e-01 9.8065e-01 1.0000 0.000 1.28e-05 +3.9682e-01 +3.9682e-01
  3 2.9546e-01 2.9546e-01 1.0000 0.000 1.28e-04
  4 4.3062e-02 4.3062e-02 1.0000 0.000 1.19e-03 +1.4442e-01 +1.4442e-01
  5 2.4072e-03 2.4072e-03 1.0000 0.000 1.01e-02
  6 0.0000e+00 0.0000e+00 nan nan nan +1.4202e-01 +1.4202e-01
  7 0.0000e+00 0.0000e+00 nan nan nan
  8 0.0000e+00 0.0000e+00 nan nan nan +1.4202e-01 +1.4202e-01
  9 0.0000e+00 0.0000e+00 nan nan nan
 10 0.0000e+00 0.0000e+00 nan nan nan +1.4202e-01 +1.4202e-01
 11 0.0000e+00 0.0000e+00 nan nan nan
 12 0.0000e+00 0.0000e+00 nan nan nan +1.4202e-01 +1.4202e-01
 13 0.0000e+00 0.0000e+00 nan nan nan
 14 0.0000e+00 0.0000e+00 nan nan nan +1.4202e-01 +1.4202e-01
 15 0.0000e+00 0.0000e+00 nan nan nan
 16 0.0000e+00 0.0000e+00 nan nan nan +1.4202e-01 +1.4202e-01
 17 0.0000e+00 0.0000e+00 nan nan nan
 18 0.0000e+00 0.0000e+00 nan nan nan +1.4202e-01 +1.4202e-01
 19 0.0000e+00 0.0000e+00 nan nan nan
 20 0.0000e+00 0.0000e+00 nan nan nan +1.4202e-01 +1.4202e-01
 21 0.0000e+00 0.0000e+00 nan nan nan
 22 0.0000e+00 0.0000e+00 nan nan nan +1.4202e-01 +1.4202e-01
 23 0.0000e+00 0.0000e+00 nan nan nan
 24 0.0000e+00 0.0000e+00 nan nan nan +1.4202e-01 +1.4202e-01
 25 0.0000e+00 0.0000e+00 nan nan nan
 26 0.0000e+00 0.0000e+00 nan nan nan +1.4202e-01 +1.4202e-01
 27 0.0000e+00 0.0000e+00 nan nan nan
 28 0.0000e+00 0.0000e+00 nan nan nan +1.4202e-01 +1.4202e-01
 29 0.0000e+00 0.0000e+00 nan nan nan
 30 0.0000e+00 0.0000e+00 nan nan nan +1.4202e-01 +1.4202e-01
 31 0.0000e+00 0.0000e+00 nan nan nan
 32 0.0000e+00 0.0000e+00 nan nan nan +1.4202e-01 +1.4202e-01
 33 0.0000e+00 0.0000e+00 nan nan nan
 34 0.0000e+00 0.0000e+00 nan nan nan +1.4202e-01 +1.4202e-01
 35 0.0000e+00 0.0000e+00 nan nan nan
 36 0.0000e+00 0.0000e+00 nan nan nan +1.4202e-01 +1.4202e-01
 37 0.0000e+00 0.0000e+00 nan nan nan
 38 0.0000e+00 0.0000e+00 nan nan nan +1.4202e-01 +1.4202e-01
 39 0.0000e+00 0.0000e+00 nan nan nan
 40 0.0000e+00 0.0000e+00 nan nan nan +1.4202e-01 +1.4202e-01
 41 0.0000e+00 0.0000e+00 nan nan nan
 42 0.0000e+00 0.0000e+00 nan nan nan +1.4202e-01 +1.4202e-01
 43 0.0000e+00 0.0000e+00 nan nan nan
 44 0.0000e+00 0.0000e+00 nan nan nan +1.4202e-01 +1.4202e-01
 45 0.0000e+00 0.0000e+00 nan nan nan
 46 0.0000e+00 0.0000e+00 nan nan nan +1.4202e-01 +1.4202e-01
 47 0.0000e+00 0.0000e+00 nan nan nan
 48 0.0000e+00 0.0000e+00 nan nan nan +1.4202e-01 +1.4202e-01
 49 0.0000e+00 0.0000e+00 nan nan nan
 50 0.0000e+00 0.0000e+00 nan nan nan +1.4202e-01 +1.4202e-01
 51 0.0000e+00 0.0000e+00 nan nan nan
 52 0.0000e+00 0.0000e+00 nan nan nan +1.4202e-01 +1.4202e-01
 53 0.0000e+00 0.0000e+00 nan nan nan
 54 0.0000e+00 0.0000e+00 nan nan nan +1.4202e-01 +1.4202e-01
 55 0.0000e+00 0.0000e+00 nan nan nan
 56 0.0000e+00 0.0000e+00 nan nan nan +1.4202e-01 +1.4202e-01
 57 0.0000e+00 0.0000e+00 nan nan nan
 58 0.0000e+00 0.0000e+00 nan nan nan +1.4202e-01 +1.4202e-01
 59 0.0000e+00 0.0000e+00 nan nan nan
 60 0.0000e+00 0.0000e+00 nan nan nan +1.4202e-01 +1.4202e-01
 61 0.0000e+00 0.0000e+00 nan nan nan
 62 0.0000e+00 0.0000e+00 nan nan nan +1.4202e-01 +1.4202e-01
 63 0.0000e+00 0.0000e+00 nan nan nan
 64 0.0000e+00 0.0000e+00 nan nan nan +1.4202e-01 +1.4202e-01
# TC check: K  eta(K)=max_{j<=K}|S_j/N-e_j|  eta_K=exp(-K/e^2)/K  mu<=K/e^2?  TC(N;K,y,eta_K) holds?
#TC   2 9.141e-07 3.814e-01 False True
#TC   4 1.675e-06 1.455e-01 False True
#TC   6 1.675e-06 7.399e-02 False True
#TC   8 1.675e-06 4.234e-02 False True
#TC  10 1.675e-06 2.584e-02 False True
#TC  12 1.675e-06 1.643e-02 True True
#TC  14 1.675e-06 1.074e-02 True True
#TC  16 1.675e-06 7.169e-03 True True
#TC  18 1.675e-06 4.862e-03 True True
#TC  20 1.675e-06 3.338e-03 True True
#TC  22 1.675e-06 2.315e-03 True True
#TC  24 1.675e-06 1.619e-03 True True
#TC  26 1.675e-06 1.140e-03 True True
#TC  28 1.675e-06 8.075e-04 True True
#TC  30 1.675e-06 5.749e-04 True True
#TC  32 1.675e-06 4.112e-04 True True
#TC  34 1.675e-06 2.952e-04 True True
#TC  36 1.675e-06 2.127e-04 True True
#TC  38 1.675e-06 1.537e-04 True True
#TC  40 1.675e-06 1.114e-04 True True
#TC  42 1.675e-06 8.094e-05 True True
#TC  44 1.675e-06 5.894e-05 True True
#TC  46 1.675e-06 4.301e-05 True True
#TC  48 1.675e-06 3.144e-05 True True
#TC  50 1.675e-06 2.303e-05 True True
#TC  52 1.675e-06 1.689e-05 True True
#TC  54 1.675e-06 1.241e-05 True True
#TC  56 1.675e-06 9.128e-06 True True
#TC  58 1.675e-06 6.724e-06 True True
#TC  60 1.675e-06 4.958e-06 True True
#TC  62 1.675e-06 3.660e-06 True True
#TC  64 1.675e-06 2.705e-06 True True

## y=100 primes=13 mu=2.7731 E_int f=2.7731 avoid_int=3.8149e-02 avoid_CRT=3.8119e-02 max f=11
# j  S_j/N   e_j   ratio  aboveN_share(e_j)  termwise_bound/(N e_j)   Bonf_int(j even)  Bonf_CRT
  0 1.0000e+00 1.0000e+00 1.0000 0.000 1.00e-07 +1.0000e+00 +1.0000e+00
  1 2.7731e+00 2.7731e+00 1.0000 -0.000 3.21e-06
  2 3.4633e+00 3.4633e+00 1.0000 0.000 1.02e-04 +1.6902e+00 +1.6902e+00
  3 2.5771e+00 2.5771e+00 1.0000 0.000 3.18e-03
  4 1.2736e+00 1.2737e+00 0.9999 0.012 9.77e-02 +3.8669e-01 +3.8680e-01
  5 4.4071e-01 4.4110e-01 0.9991 0.394 2.96e+00
  6 1.0952e-01 1.0999e-01 0.9958 0.955 8.79e+01 +5.5501e-02 +5.5683e-02
  7 1.9662e-02 1.9964e-02 0.9848 1.000 2.57e+03
  8 2.5219e-03 2.6333e-03 0.9577 1.000 7.40e+04 +3.8361e-02 +3.8352e-02
  9 2.2490e-04 2.4873e-04 0.9042 1.000 2.10e+06
 10 1.3100e-05 1.6305e-05 0.8034 1.000 5.85e+07 +3.8150e-02 +3.8120e-02
 11 4.0000e-07 6.9989e-07 0.5715 1.000 1.61e+09
 12 0.0000e+00 1.7548e-08 0.0000 1.000 4.38e+10 +3.8149e-02 +3.8119e-02
 13 0.0000e+00 1.9292e-10 0.0000 1.000 1.16e+12
 14 0.0000e+00 0.0000e+00 nan nan nan +3.8149e-02 +3.8119e-02
 15 0.0000e+00 0.0000e+00 nan nan nan
 16 0.0000e+00 0.0000e+00 nan nan nan +3.8149e-02 +3.8119e-02
 17 0.0000e+00 0.0000e+00 nan nan nan
 18 0.0000e+00 0.0000e+00 nan nan nan +3.8149e-02 +3.8119e-02
 19 0.0000e+00 0.0000e+00 nan nan nan
 20 0.0000e+00 0.0000e+00 nan nan nan +3.8149e-02 +3.8119e-02
 21 0.0000e+00 0.0000e+00 nan nan nan
 22 0.0000e+00 0.0000e+00 nan nan nan +3.8149e-02 +3.8119e-02
 23 0.0000e+00 0.0000e+00 nan nan nan
 24 0.0000e+00 0.0000e+00 nan nan nan +3.8149e-02 +3.8119e-02
 25 0.0000e+00 0.0000e+00 nan nan nan
 26 0.0000e+00 0.0000e+00 nan nan nan +3.8149e-02 +3.8119e-02
 27 0.0000e+00 0.0000e+00 nan nan nan
 28 0.0000e+00 0.0000e+00 nan nan nan +3.8149e-02 +3.8119e-02
 29 0.0000e+00 0.0000e+00 nan nan nan
 30 0.0000e+00 0.0000e+00 nan nan nan +3.8149e-02 +3.8119e-02
 31 0.0000e+00 0.0000e+00 nan nan nan
 32 0.0000e+00 0.0000e+00 nan nan nan +3.8149e-02 +3.8119e-02
 33 0.0000e+00 0.0000e+00 nan nan nan
 34 0.0000e+00 0.0000e+00 nan nan nan +3.8149e-02 +3.8119e-02
 35 0.0000e+00 0.0000e+00 nan nan nan
 36 0.0000e+00 0.0000e+00 nan nan nan +3.8149e-02 +3.8119e-02
 37 0.0000e+00 0.0000e+00 nan nan nan
 38 0.0000e+00 0.0000e+00 nan nan nan +3.8149e-02 +3.8119e-02
 39 0.0000e+00 0.0000e+00 nan nan nan
 40 0.0000e+00 0.0000e+00 nan nan nan +3.8149e-02 +3.8119e-02
 41 0.0000e+00 0.0000e+00 nan nan nan
 42 0.0000e+00 0.0000e+00 nan nan nan +3.8149e-02 +3.8119e-02
 43 0.0000e+00 0.0000e+00 nan nan nan
 44 0.0000e+00 0.0000e+00 nan nan nan +3.8149e-02 +3.8119e-02
 45 0.0000e+00 0.0000e+00 nan nan nan
 46 0.0000e+00 0.0000e+00 nan nan nan +3.8149e-02 +3.8119e-02
 47 0.0000e+00 0.0000e+00 nan nan nan
 48 0.0000e+00 0.0000e+00 nan nan nan +3.8149e-02 +3.8119e-02
 49 0.0000e+00 0.0000e+00 nan nan nan
 50 0.0000e+00 0.0000e+00 nan nan nan +3.8149e-02 +3.8119e-02
 51 0.0000e+00 0.0000e+00 nan nan nan
 52 0.0000e+00 0.0000e+00 nan nan nan +3.8149e-02 +3.8119e-02
 53 0.0000e+00 0.0000e+00 nan nan nan
 54 0.0000e+00 0.0000e+00 nan nan nan +3.8149e-02 +3.8119e-02
 55 0.0000e+00 0.0000e+00 nan nan nan
 56 0.0000e+00 0.0000e+00 nan nan nan +3.8149e-02 +3.8119e-02
 57 0.0000e+00 0.0000e+00 nan nan nan
 58 0.0000e+00 0.0000e+00 nan nan nan +3.8149e-02 +3.8119e-02
 59 0.0000e+00 0.0000e+00 nan nan nan
 60 0.0000e+00 0.0000e+00 nan nan nan +3.8149e-02 +3.8119e-02
 61 0.0000e+00 0.0000e+00 nan nan nan
 62 0.0000e+00 0.0000e+00 nan nan nan +3.8149e-02 +3.8119e-02
 63 0.0000e+00 0.0000e+00 nan nan nan
 64 0.0000e+00 0.0000e+00 nan nan nan +3.8149e-02 +3.8119e-02
# TC check: K  eta(K)=max_{j<=K}|S_j/N-e_j|  eta_K=exp(-K/e^2)/K  mu<=K/e^2?  TC(N;K,y,eta_K) holds?
#TC   2 7.027e-06 3.814e-01 False True
#TC   4 1.563e-04 1.455e-01 False True
#TC   6 4.647e-04 7.399e-02 False True
#TC   8 4.647e-04 4.234e-02 False True
#TC  10 4.647e-04 2.584e-02 False True
#TC  12 4.647e-04 1.643e-02 False True
#TC  14 4.647e-04 1.074e-02 False True
#TC  16 4.647e-04 7.169e-03 False True
#TC  18 4.647e-04 4.862e-03 False True
#TC  20 4.647e-04 3.338e-03 False True
#TC  22 4.647e-04 2.315e-03 True True
#TC  24 4.647e-04 1.619e-03 True True
#TC  26 4.647e-04 1.140e-03 True True
#TC  28 4.647e-04 8.075e-04 True True
#TC  30 4.647e-04 5.749e-04 True True
#TC  32 4.647e-04 4.112e-04 True False
#TC  34 4.647e-04 2.952e-04 True False
#TC  36 4.647e-04 2.127e-04 True False
#TC  38 4.647e-04 1.537e-04 True False
#TC  40 4.647e-04 1.114e-04 True False
#TC  42 4.647e-04 8.094e-05 True False
#TC  44 4.647e-04 5.894e-05 True False
#TC  46 4.647e-04 4.301e-05 True False
#TC  48 4.647e-04 3.144e-05 True False
#TC  50 4.647e-04 2.303e-05 True False
#TC  52 4.647e-04 1.689e-05 True False
#TC  54 4.647e-04 1.241e-05 True False
#TC  56 4.647e-04 9.128e-06 True False
#TC  58 4.647e-04 6.724e-06 True False
#TC  60 4.647e-04 4.958e-06 True False
#TC  62 4.647e-04 3.660e-06 True False
#TC  64 4.647e-04 2.705e-06 True False

## y=300 primes=32 mu=4.1459 E_int f=4.1459 avoid_int=9.1780e-03 avoid_CRT=8.9893e-03 max f=16
# j  S_j/N   e_j   ratio  aboveN_share(e_j)  termwise_bound/(N e_j)   Bonf_int(j even)  Bonf_CRT
  0 1.0000e+00 1.0000e+00 1.0000 0.000 1.00e-07 +1.0000e+00 +1.0000e+00
  1 4.1459e+00 4.1459e+00 1.0000 0.000 8.39e-06
  2 8.1463e+00 8.1464e+00 1.0000 0.000 7.06e-04 +5.0004e+00 +5.0005e+00
  3 1.0106e+01 1.0107e+01 0.9999 0.005 5.95e-02
  4 8.8953e+00 8.8990e+00 0.9996 0.382 5.02e+00 +3.7898e+00 +3.7926e+00
  5 5.9157e+00 5.9256e+00 0.9983 0.883 4.25e+02
  6 3.0892e+00 3.1049e+00 0.9949 0.998 3.60e+04 +9.6325e-01 +9.7186e-01
  7 1.2993e+00 1.3152e+00 0.9879 1.000 3.06e+06
  8 4.4806e-01 4.5916e-01 0.9758 1.000 2.61e+08 +1.1201e-01 +1.1582e-01
  9 1.2833e-01 1.3402e-01 0.9576 1.000 2.23e+10
 10 3.0811e-02 3.3057e-02 0.9321 1.000 1.91e+12 +1.4484e-02 +1.4856e-02
 11 6.2360e-03 6.9477e-03 0.8976 1.000 1.64e+14
 12 1.0677e-03 1.2521e-03 0.8527 1.000 1.40e+16 +9.3158e-03 +9.1604e-03
 13 1.5500e-04 1.9439e-04 0.7974 1.000 1.21e+18
 14 1.8900e-05 2.6087e-05 0.7245 1.000 1.04e+20 +9.1797e-03 +8.9921e-03
 15 1.8000e-06 3.0331e-06 0.5934 1.000 8.98e+21
 16 1.0000e-07 3.0590e-07 0.3269 1.000 7.76e+23 +9.1780e-03 +8.9894e-03
 17 0.0000e+00 2.6767e-08 0.0000 1.000 6.71e+25
 18 0.0000e+00 2.0307e-09 0.0000 1.000 5.81e+27 +9.1780e-03 +8.9893e-03
 19 0.0000e+00 1.3333e-10 0.0000 1.000 5.03e+29
 20 0.0000e+00 7.5559e-12 0.0000 1.000 4.37e+31 +9.1780e-03 +8.9893e-03
 21 0.0000e+00 3.6806e-13 0.0000 1.000 3.80e+33
 22 0.0000e+00 1.5328e-14 0.0000 1.000 3.30e+35 +9.1780e-03 +8.9893e-03
 23 0.0000e+00 5.4187e-16 0.0000 1.000 2.88e+37
 24 0.0000e+00 1.6111e-17 0.0000 1.000 2.52e+39 +9.1780e-03 +8.9893e-03
 25 0.0000e+00 3.9806e-19 0.0000 1.000 2.21e+41
 26 0.0000e+00 8.0450e-21 0.0000 1.000 1.95e+43 +9.1780e-03 +8.9893e-03
 27 0.0000e+00 1.3023e-22 0.0000 1.000 1.73e+45
 28 0.0000e+00 1.6399e-24 0.0000 1.000 1.54e+47 +9.1780e-03 +8.9893e-03
 29 0.0000e+00 1.5398e-26 0.0000 1.000 1.38e+49
 30 0.0000e+00 1.0087e-28 0.0000 1.000 1.26e+51 +9.1780e-03 +8.9893e-03
 31 0.0000e+00 4.0871e-31 0.0000 1.000 1.15e+53
 32 0.0000e+00 7.6597e-34 0.0000 1.000 1.07e+55 +9.1780e-03 +8.9893e-03
 33 0.0000e+00 0.0000e+00 nan nan nan
 34 0.0000e+00 0.0000e+00 nan nan nan +9.1780e-03 +8.9893e-03
 35 0.0000e+00 0.0000e+00 nan nan nan
 36 0.0000e+00 0.0000e+00 nan nan nan +9.1780e-03 +8.9893e-03
 37 0.0000e+00 0.0000e+00 nan nan nan
 38 0.0000e+00 0.0000e+00 nan nan nan +9.1780e-03 +8.9893e-03
 39 0.0000e+00 0.0000e+00 nan nan nan
 40 0.0000e+00 0.0000e+00 nan nan nan +9.1780e-03 +8.9893e-03
 41 0.0000e+00 0.0000e+00 nan nan nan
 42 0.0000e+00 0.0000e+00 nan nan nan +9.1780e-03 +8.9893e-03
 43 0.0000e+00 0.0000e+00 nan nan nan
 44 0.0000e+00 0.0000e+00 nan nan nan +9.1780e-03 +8.9893e-03
 45 0.0000e+00 0.0000e+00 nan nan nan
 46 0.0000e+00 0.0000e+00 nan nan nan +9.1780e-03 +8.9893e-03
 47 0.0000e+00 0.0000e+00 nan nan nan
 48 0.0000e+00 0.0000e+00 nan nan nan +9.1780e-03 +8.9893e-03
 49 0.0000e+00 0.0000e+00 nan nan nan
 50 0.0000e+00 0.0000e+00 nan nan nan +9.1780e-03 +8.9893e-03
 51 0.0000e+00 0.0000e+00 nan nan nan
 52 0.0000e+00 0.0000e+00 nan nan nan +9.1780e-03 +8.9893e-03
 53 0.0000e+00 0.0000e+00 nan nan nan
 54 0.0000e+00 0.0000e+00 nan nan nan +9.1780e-03 +8.9893e-03
 55 0.0000e+00 0.0000e+00 nan nan nan
 56 0.0000e+00 0.0000e+00 nan nan nan +9.1780e-03 +8.9893e-03
 57 0.0000e+00 0.0000e+00 nan nan nan
 58 0.0000e+00 0.0000e+00 nan nan nan +9.1780e-03 +8.9893e-03
 59 0.0000e+00 0.0000e+00 nan nan nan
 60 0.0000e+00 0.0000e+00 nan nan nan +9.1780e-03 +8.9893e-03
 61 0.0000e+00 0.0000e+00 nan nan nan
 62 0.0000e+00 0.0000e+00 nan nan nan +9.1780e-03 +8.9893e-03
 63 0.0000e+00 0.0000e+00 nan nan nan
 64 0.0000e+00 0.0000e+00 nan nan nan +9.1780e-03 +8.9893e-03
# TC check: K  eta(K)=max_{j<=K}|S_j/N-e_j|  eta_K=exp(-K/e^2)/K  mu<=K/e^2?  TC(N;K,y,eta_K) holds?
#TC   2 7.367e-05 3.814e-01 False True
#TC   4 3.731e-03 1.455e-01 False True
#TC   6 1.571e-02 7.399e-02 False True
#TC   8 1.591e-02 4.234e-02 False True
#TC  10 1.591e-02 2.584e-02 False True
#TC  12 1.591e-02 1.643e-02 False True
#TC  14 1.591e-02 1.074e-02 False False
#TC  16 1.591e-02 7.169e-03 False False
#TC  18 1.591e-02 4.862e-03 False False
#TC  20 1.591e-02 3.338e-03 False False
#TC  22 1.591e-02 2.315e-03 False False
#TC  24 1.591e-02 1.619e-03 False False
#TC  26 1.591e-02 1.140e-03 False False
#TC  28 1.591e-02 8.075e-04 False False
#TC  30 1.591e-02 5.749e-04 False False
#TC  32 1.591e-02 4.112e-04 True False
#TC  34 1.591e-02 2.952e-04 True False
#TC  36 1.591e-02 2.127e-04 True False
#TC  38 1.591e-02 1.537e-04 True False
#TC  40 1.591e-02 1.114e-04 True False
#TC  42 1.591e-02 8.094e-05 True False
#TC  44 1.591e-02 5.894e-05 True False
#TC  46 1.591e-02 4.301e-05 True False
#TC  48 1.591e-02 3.144e-05 True False
#TC  50 1.591e-02 2.303e-05 True False
#TC  52 1.591e-02 1.689e-05 True False
#TC  54 1.591e-02 1.241e-05 True False
#TC  56 1.591e-02 9.128e-06 True False
#TC  58 1.591e-02 6.724e-06 True False
#TC  60 1.591e-02 4.958e-06 True False
#TC  62 1.591e-02 3.660e-06 True False
#TC  64 1.591e-02 2.705e-06 True False

## y=1000 primes=87 mu=6.0005 E_int f=6.0005 avoid_int=1.6226e-03 avoid_CRT=1.3270e-03 max f=20
# j  S_j/N   e_j   ratio  aboveN_share(e_j)  termwise_bound/(N e_j)   Bonf_int(j even)  Bonf_CRT
  0 1.0000e+00 1.0000e+00 1.0000 0.000 1.00e-07 +1.0000e+00 +1.0000e+00
  1 6.0005e+00 6.0005e+00 1.0000 0.000 2.39e-05
  2 1.7499e+01 1.7500e+01 1.0000 0.000 5.75e-03 +1.2499e+01 +1.2499e+01
  3 3.3062e+01 3.3080e+01 0.9995 0.210 1.39e+00
  4 4.5522e+01 4.5603e+01 0.9982 0.773 3.40e+02 +2.4958e+01 +2.5023e+01
  5 4.8705e+01 4.8913e+01 0.9957 0.982 8.35e+04
  6 4.2158e+01 4.2523e+01 0.9914 1.000 2.06e+07 +1.8412e+01 +1.8633e+01
  7 3.0343e+01 3.0825e+01 0.9844 1.000 5.14e+09
  8 1.8521e+01 1.9020e+01 0.9737 1.000 1.29e+12 +6.5897e+00 +6.8293e+00
  9 9.7302e+00 1.0150e+01 0.9586 1.000 3.25e+14
 10 4.4516e+00 4.7431e+00 0.9385 1.000 8.24e+16 +1.3110e+00 +1.4224e+00
 11 1.7906e+00 1.9606e+00 0.9133 1.000 2.10e+19
 12 6.3806e-01 7.2284e-01 0.8827 1.000 5.39e+21 +1.5850e-01 +1.8462e-01
 13 2.0221e-01 2.3937e-01 0.8447 1.000 1.39e+24
 14 5.6802e-02 7.1620e-02 0.7931 1.000 3.61e+26 +1.3089e-02 +1.6868e-02
 15 1.3933e-02 1.9460e-02 0.7159 1.000 9.43e+28
 16 2.8949e-03 4.8231e-03 0.6002 1.000 2.48e+31 +2.0518e-03 +2.2305e-03
 17 4.8520e-04 1.0946e-03 0.4433 1.000 6.53e+33
 18 6.0800e-05 2.2823e-04 0.2664 1.000 1.73e+36 +1.6274e-03 +1.3641e-03
 19 5.0000e-06 4.3855e-05 0.1140 1.000 4.62e+38
 20 2.0000e-07 7.7866e-06 0.0257 1.000 1.24e+41 +1.6226e-03 +1.3281e-03
 21 0.0000e+00 1.2805e-06 0.0000 1.000 3.34e+43
 22 0.0000e+00 1.9547e-07 0.0000 1.000 9.04e+45 +1.6226e-03 +1.3270e-03
 23 0.0000e+00 2.7748e-08 0.0000 1.000 2.46e+48
 24 0.0000e+00 3.6698e-09 0.0000 1.000 6.73e+50 +1.6226e-03 +1.3270e-03
 25 0.0000e+00 4.5286e-10 0.0000 1.000 1.85e+53
 26 0.0000e+00 5.2217e-11 0.0000 1.000 5.11e+55 +1.6226e-03 +1.3270e-03
 27 0.0000e+00 5.6332e-12 0.0000 1.000 1.42e+58
 28 0.0000e+00 5.6924e-13 0.0000 1.000 3.95e+60 +1.6226e-03 +1.3270e-03
 29 0.0000e+00 5.3937e-14 0.0000 1.000 1.11e+63
 30 0.0000e+00 4.7967e-15 0.0000 1.000 3.12e+65 +1.6226e-03 +1.3270e-03
 31 0.0000e+00 4.0072e-16 0.0000 1.000 8.81e+67
 32 0.0000e+00 3.1472e-17 0.0000 1.000 2.50e+70 +1.6226e-03 +1.3270e-03
 33 0.0000e+00 2.3253e-18 0.0000 1.000 7.15e+72
 34 0.0000e+00 1.6173e-19 0.0000 1.000 2.05e+75 +1.6226e-03 +1.3270e-03
 35 0.0000e+00 1.0594e-20 0.0000 1.000 5.90e+77
 36 0.0000e+00 6.5399e-22 0.0000 1.000 1.71e+80 +1.6226e-03 +1.3270e-03
 37 0.0000e+00 3.8059e-23 0.0000 1.000 4.97e+82
 38 0.0000e+00 2.0887e-24 0.0000 1.000 1.45e+85 +1.6226e-03 +1.3270e-03
 39 0.0000e+00 1.0814e-25 0.0000 1.000 4.26e+87
 40 0.0000e+00 5.2833e-27 0.0000 1.000 1.25e+90 +1.6226e-03 +1.3270e-03
 41 0.0000e+00 2.4361e-28 0.0000 1.000 3.71e+92
 42 0.0000e+00 1.0603e-29 0.0000 1.000 1.10e+95 +1.6226e-03 +1.3270e-03
 43 0.0000e+00 4.3569e-31 0.0000 1.000 3.30e+97
 44 0.0000e+00 1.6902e-32 0.0000 1.000 9.89e+99 +1.6226e-03 +1.3270e-03
 45 0.0000e+00 6.1903e-34 0.0000 1.000 2.98e+102
 46 0.0000e+00 2.1404e-35 0.0000 1.000 9.01e+104 +1.6226e-03 +1.3270e-03
 47 0.0000e+00 6.9862e-37 0.0000 1.000 2.74e+107
 48 0.0000e+00 2.1522e-38 0.0000 1.000 8.36e+109 +1.6226e-03 +1.3270e-03
 49 0.0000e+00 6.2565e-40 0.0000 1.000 2.56e+112
 50 0.0000e+00 1.7159e-41 0.0000 1.000 7.88e+114 +1.6226e-03 +1.3270e-03
 51 0.0000e+00 4.4384e-43 0.0000 1.000 2.44e+117
 52 0.0000e+00 1.0824e-44 0.0000 1.000 7.56e+119 +1.6226e-03 +1.3270e-03
 53 0.0000e+00 2.4876e-46 0.0000 1.000 2.36e+122
 54 0.0000e+00 5.3853e-48 0.0000 1.000 7.37e+124 +1.6226e-03 +1.3270e-03
 55 0.0000e+00 1.0976e-49 0.0000 1.000 2.32e+127
 56 0.0000e+00 2.1047e-51 0.0000 1.000 7.31e+129 +1.6226e-03 +1.3270e-03
 57 0.0000e+00 3.7946e-53 0.0000 1.000 2.31e+132
 58 0.0000e+00 6.4278e-55 0.0000 1.000 7.36e+134 +1.6226e-03 +1.3270e-03
 59 0.0000e+00 1.0221e-56 0.0000 1.000 2.35e+137
 60 0.0000e+00 1.5242e-58 0.0000 1.000 7.54e+139 +1.6226e-03 +1.3270e-03
 61 0.0000e+00 2.1294e-60 0.0000 1.000 2.43e+142
 62 0.0000e+00 2.7840e-62 0.0000 1.000 7.84e+144 +1.6226e-03 +1.3270e-03
 63 0.0000e+00 3.4017e-64 0.0000 1.000 2.54e+147
 64 0.0000e+00 3.8791e-66 0.0000 1.000 8.28e+149 +1.6226e-03 +1.3270e-03
# TC check: K  eta(K)=max_{j<=K}|S_j/N-e_j|  eta_K=exp(-K/e^2)/K  mu<=K/e^2?  TC(N;K,y,eta_K) holds?
#TC   2 7.139e-04 3.814e-01 False True
#TC   4 8.160e-02 1.455e-01 False True
#TC   6 3.653e-01 7.399e-02 False False
#TC   8 4.996e-01 4.234e-02 False False
#TC  10 4.996e-01 2.584e-02 False False
#TC  12 4.996e-01 1.643e-02 False False
#TC  14 4.996e-01 1.074e-02 False False
#TC  16 4.996e-01 7.169e-03 False False
#TC  18 4.996e-01 4.862e-03 False False
#TC  20 4.996e-01 3.338e-03 False False
#TC  22 4.996e-01 2.315e-03 False False
#TC  24 4.996e-01 1.619e-03 False False
#TC  26 4.996e-01 1.140e-03 False False
#TC  28 4.996e-01 8.075e-04 False False
#TC  30 4.996e-01 5.749e-04 False False
#TC  32 4.996e-01 4.112e-04 False False
#TC  34 4.996e-01 2.952e-04 False False
#TC  36 4.996e-01 2.127e-04 False False
#TC  38 4.996e-01 1.537e-04 False False
#TC  40 4.996e-01 1.114e-04 False False
#TC  42 4.996e-01 8.094e-05 False False
#TC  44 4.996e-01 5.894e-05 False False
#TC  46 4.996e-01 4.301e-05 True False
#TC  48 4.996e-01 3.144e-05 True False
#TC  50 4.996e-01 2.303e-05 True False
#TC  52 4.996e-01 1.689e-05 True False
#TC  54 4.996e-01 1.241e-05 True False
#TC  56 4.996e-01 9.128e-06 True False
#TC  58 4.996e-01 6.724e-06 True False
#TC  60 4.996e-01 4.958e-06 True False
#TC  62 4.996e-01 3.660e-06 True False
#TC  64 4.996e-01 2.705e-06 True False

## y=3000 primes=218 mu=8.0087 E_int f=8.0085 avoid_int=4.9350e-04 avoid_CRT=1.7319e-04 max f=27
# j  S_j/N   e_j   ratio  aboveN_share(e_j)  termwise_bound/(N e_j)   Bonf_int(j even)  Bonf_CRT
  0 1.0000e+00 1.0000e+00 1.0000 0.000 1.00e-07 +1.0000e+00 +1.0000e+00
  1 8.0085e+00 8.0087e+00 1.0000 0.000 6.39e-05
  2 3.1534e+01 3.1539e+01 0.9999 0.000 4.11e-02 +2.4526e+01 +2.4530e+01
  3 8.1366e+01 8.1452e+01 0.9989 0.496 2.67e+01
  4 1.5475e+02 1.5524e+02 0.9968 0.918 1.74e+04 +9.7906e+01 +9.8313e+01
  5 2.3134e+02 2.3293e+02 0.9932 0.996 1.15e+07
  6 2.8312e+02 2.8672e+02 0.9875 1.000 7.62e+09 +1.4969e+02 +1.5210e+02
  7 2.9173e+02 2.9783e+02 0.9795 1.000 5.09e+12
  8 2.5844e+02 2.6658e+02 0.9695 1.000 3.43e+15 +1.1640e+02 +1.2084e+02
  9 2.0021e+02 2.0889e+02 0.9584 1.000 2.32e+18
 10 1.3778e+02 1.4513e+02 0.9494 1.000 1.58e+21 +5.3966e+01 +5.7076e+01
 11 8.5683e+01 9.0311e+01 0.9488 1.000 1.08e+24
 12 4.9206e+01 5.0763e+01 0.9693 1.000 7.48e+26 +1.7488e+01 +1.7528e+01
 13 2.6834e+01 2.5959e+01 1.0337 1.000 5.19e+29
 14 1.4325e+01 1.2150e+01 1.1790 1.000 3.62e+32 +4.9786e+00 +3.7194e+00
 15 7.6308e+00 5.2321e+00 1.4585 1.000 2.54e+35
 16 4.0306e+00 2.0826e+00 1.9354 1.000 1.79e+38 +1.3785e+00 +5.6997e-01
 17 2.0473e+00 7.6931e-01 2.6612 1.000 1.27e+41
 18 9.6140e-01 2.6468e-01 3.6323 1.000 9.05e+43 +2.9255e-01 +6.5339e-02
 19 4.0286e-01 8.5083e-02 4.7349 1.000 6.49e+46
 20 1.4638e-01 2.5628e-02 5.7115 1.000 4.67e+49 +3.6066e-02 +5.8848e-03
 21 4.4985e-02 7.2524e-03 6.2028 1.000 3.38e+52
 22 1.1403e-02 1.9326e-03 5.9002 1.000 2.45e+55 +2.4840e-03 +5.6505e-04
 23 2.3132e-03 4.8602e-04 4.7595 1.000 1.79e+58
 24 3.6030e-04 1.1557e-04 3.1175 1.000 1.31e+61 +5.3110e-04 +1.9461e-04
 25 4.0400e-05 2.6034e-05 1.5518 1.000 9.68e+63
 26 2.9000e-06 5.5644e-06 0.5212 1.000 7.16e+66 +4.9360e-04 +1.7414e-04
 27 1.0000e-07 1.1303e-06 0.0885 1.000 5.32e+69
 28 0.0000e+00 2.1850e-07 0.0000 1.000 3.96e+72 +4.9350e-04 +1.7323e-04
 29 0.0000e+00 4.0252e-08 0.0000 1.000 2.97e+75
 30 0.0000e+00 7.0753e-09 0.0000 1.000 2.23e+78 +4.9350e-04 +1.7319e-04
 31 0.0000e+00 1.1880e-09 0.0000 1.000 1.68e+81
 32 0.0000e+00 1.9077e-10 0.0000 1.000 1.28e+84 +4.9350e-04 +1.7319e-04
 33 0.0000e+00 2.9325e-11 0.0000 1.000 9.70e+86
 34 0.0000e+00 4.3193e-12 0.0000 1.000 7.40e+89 +4.9350e-04 +1.7319e-04
 35 0.0000e+00 6.1016e-13 0.0000 1.000 5.67e+92
 36 0.0000e+00 8.2735e-14 0.0000 1.000 4.36e+95 +4.9350e-04 +1.7319e-04
 37 0.0000e+00 1.0777e-14 0.0000 1.000 3.36e+98
 38 0.0000e+00 1.3497e-15 0.0000 1.000 2.60e+101 +4.9350e-04 +1.7319e-04
 39 0.0000e+00 1.6261e-16 0.0000 1.000 2.02e+104
 40 0.0000e+00 1.8862e-17 0.0000 1.000 1.57e+107 +4.9350e-04 +1.7319e-04
 41 0.0000e+00 2.1078e-18 0.0000 1.000 1.23e+110
 42 0.0000e+00 2.2705e-19 0.0000 1.000 9.63e+112 +4.9350e-04 +1.7319e-04
 43 0.0000e+00 2.3590e-20 0.0000 1.000 7.57e+115
 44 0.0000e+00 2.3653e-21 0.0000 1.000 5.97e+118 +4.9350e-04 +1.7319e-04
 45 0.0000e+00 2.2900e-22 0.0000 1.000 4.72e+121
 46 0.0000e+00 2.1419e-23 0.0000 1.000 3.75e+124 +4.9350e-04 +1.7319e-04
 47 0.0000e+00 1.9363e-24 0.0000 1.000 2.98e+127
 48 0.0000e+00 1.6926e-25 0.0000 1.000 2.38e+130 +4.9350e-04 +1.7319e-04
 49 0.0000e+00 1.4314e-26 0.0000 1.000 1.91e+133
 50 0.0000e+00 1.1716e-27 0.0000 1.000 1.53e+136 +4.9350e-04 +1.7319e-04
 51 0.0000e+00 9.2839e-29 0.0000 1.000 1.23e+139
 52 0.0000e+00 7.1258e-30 0.0000 1.000 9.94e+141 +4.9350e-04 +1.7319e-04
 53 0.0000e+00 5.2995e-31 0.0000 1.000 8.05e+144
 54 0.0000e+00 3.8202e-32 0.0000 1.000 6.53e+147 +4.9350e-04 +1.7319e-04
 55 0.0000e+00 2.6702e-33 0.0000 1.000 5.31e+150
 56 0.0000e+00 1.8102e-34 0.0000 1.000 4.33e+153 +4.9350e-04 +1.7319e-04
 57 0.0000e+00 1.1907e-35 0.0000 1.000 3.55e+156
 58 0.0000e+00 7.6013e-37 0.0000 1.000 2.91e+159 +4.9350e-04 +1.7319e-04
 59 0.0000e+00 4.7109e-38 0.0000 1.000 2.39e+162
 60 0.0000e+00 2.8351e-39 0.0000 1.000 1.97e+165 +4.9350e-04 +1.7319e-04
 61 0.0000e+00 1.6573e-40 0.0000 1.000 1.63e+168
 62 0.0000e+00 9.4129e-42 0.0000 1.000 1.35e+171 +4.9350e-04 +1.7319e-04
 63 0.0000e+00 5.1955e-43 0.0000 1.000 1.12e+174
 64 0.0000e+00 2.7875e-44 0.0000 1.000 9.30e+176 +4.9350e-04 +1.7319e-04
# TC check: K  eta(K)=max_{j<=K}|S_j/N-e_j|  eta_K=exp(-K/e^2)/K  mu<=K/e^2?  TC(N;K,y,eta_K) holds?
#TC   2 4.718e-03 3.814e-01 False True
#TC   4 4.893e-01 1.455e-01 False False
#TC   6 3.592e+00 7.399e-02 False False
#TC   8 8.137e+00 4.234e-02 False False
#TC  10 8.684e+00 2.584e-02 False False
#TC  12 8.684e+00 1.643e-02 False False
#TC  14 8.684e+00 1.074e-02 False False
#TC  16 8.684e+00 7.169e-03 False False
#TC  18 8.684e+00 4.862e-03 False False
#TC  20 8.684e+00 3.338e-03 False False
#TC  22 8.684e+00 2.315e-03 False False
#TC  24 8.684e+00 1.619e-03 False False
#TC  26 8.684e+00 1.140e-03 False False
#TC  28 8.684e+00 8.075e-04 False False
#TC  30 8.684e+00 5.749e-04 False False
#TC  32 8.684e+00 4.112e-04 False False
#TC  34 8.684e+00 2.952e-04 False False
#TC  36 8.684e+00 2.127e-04 False False
#TC  38 8.684e+00 1.537e-04 False False
#TC  40 8.684e+00 1.114e-04 False False
#TC  42 8.684e+00 8.094e-05 False False
#TC  44 8.684e+00 5.894e-05 False False
#TC  46 8.684e+00 4.301e-05 False False
#TC  48 8.684e+00 3.144e-05 False False
#TC  50 8.684e+00 2.303e-05 False False
#TC  52 8.684e+00 1.689e-05 False False
#TC  54 8.684e+00 1.241e-05 False False
#TC  56 8.684e+00 9.128e-06 False False
#TC  58 8.684e+00 6.724e-06 False False
#TC  60 8.684e+00 4.958e-06 True False
#TC  62 8.684e+00 3.660e-06 True False
#TC  64 8.684e+00 2.705e-06 True False
