# N=100000000 mode=all family=randqnr sample=100000000 log N=18.421

## y=100 primes=13 mu=2.7731 E_int f=2.7731 avoid_int=3.8120e-02 avoid_CRT=3.8119e-02 max f=12
# j  S_j/N   e_j   ratio  aboveN_share(e_j)  termwise_bound/(N e_j)   Bonf_int(j even)  Bonf_CRT
  0 1.0000e+00 1.0000e+00 1.0000 0.000 1.00e-08 +1.0000e+00 +1.0000e+00
  1 2.7731e+00 2.7731e+00 1.0000 -0.000 3.21e-07
  2 3.4633e+00 3.4633e+00 1.0000 0.000 1.02e-05 +1.6902e+00 +1.6902e+00
  3 2.5771e+00 2.5771e+00 1.0000 0.000 3.18e-04
  4 1.2737e+00 1.2737e+00 1.0000 0.000 9.77e-03 +3.8680e-01 +3.8680e-01
  5 4.4110e-01 4.4110e-01 1.0000 0.065 2.96e-01
  6 1.0997e-01 1.0999e-01 0.9998 0.600 8.79e+00 +5.5667e-02 +5.5683e-02
  7 1.9931e-02 1.9964e-02 0.9983 1.000 2.57e+02
  8 2.6104e-03 2.6333e-03 0.9913 1.000 7.40e+03 +3.8347e-02 +3.8352e-02
  9 2.4151e-04 2.4873e-04 0.9710 1.000 2.10e+05
 10 1.5280e-05 1.6305e-05 0.9371 1.000 5.85e+06 +3.8120e-02 +3.8120e-02
 11 6.3000e-07 6.9989e-07 0.9001 1.000 1.61e+08
 12 1.0000e-08 1.7548e-08 0.5699 1.000 4.38e+09 +3.8120e-02 +3.8119e-02
 13 0.0000e+00 1.9292e-10 0.0000 1.000 1.16e+11
 14 0.0000e+00 0.0000e+00 nan nan nan +3.8120e-02 +3.8119e-02
 15 0.0000e+00 0.0000e+00 nan nan nan
 16 0.0000e+00 0.0000e+00 nan nan nan +3.8120e-02 +3.8119e-02
 17 0.0000e+00 0.0000e+00 nan nan nan
 18 0.0000e+00 0.0000e+00 nan nan nan +3.8120e-02 +3.8119e-02
 19 0.0000e+00 0.0000e+00 nan nan nan
 20 0.0000e+00 0.0000e+00 nan nan nan +3.8120e-02 +3.8119e-02
 21 0.0000e+00 0.0000e+00 nan nan nan
 22 0.0000e+00 0.0000e+00 nan nan nan +3.8120e-02 +3.8119e-02
 23 0.0000e+00 0.0000e+00 nan nan nan
 24 0.0000e+00 0.0000e+00 nan nan nan +3.8120e-02 +3.8119e-02
 25 0.0000e+00 0.0000e+00 nan nan nan
 26 0.0000e+00 0.0000e+00 nan nan nan +3.8120e-02 +3.8119e-02
 27 0.0000e+00 0.0000e+00 nan nan nan
 28 0.0000e+00 0.0000e+00 nan nan nan +3.8120e-02 +3.8119e-02
 29 0.0000e+00 0.0000e+00 nan nan nan
 30 0.0000e+00 0.0000e+00 nan nan nan +3.8120e-02 +3.8119e-02
 31 0.0000e+00 0.0000e+00 nan nan nan
 32 0.0000e+00 0.0000e+00 nan nan nan +3.8120e-02 +3.8119e-02
 33 0.0000e+00 0.0000e+00 nan nan nan
 34 0.0000e+00 0.0000e+00 nan nan nan +3.8120e-02 +3.8119e-02
 35 0.0000e+00 0.0000e+00 nan nan nan
 36 0.0000e+00 0.0000e+00 nan nan nan +3.8120e-02 +3.8119e-02
 37 0.0000e+00 0.0000e+00 nan nan nan
 38 0.0000e+00 0.0000e+00 nan nan nan +3.8120e-02 +3.8119e-02
 39 0.0000e+00 0.0000e+00 nan nan nan
 40 0.0000e+00 0.0000e+00 nan nan nan +3.8120e-02 +3.8119e-02
 41 0.0000e+00 0.0000e+00 nan nan nan
 42 0.0000e+00 0.0000e+00 nan nan nan +3.8120e-02 +3.8119e-02
 43 0.0000e+00 0.0000e+00 nan nan nan
 44 0.0000e+00 0.0000e+00 nan nan nan +3.8120e-02 +3.8119e-02
 45 0.0000e+00 0.0000e+00 nan nan nan
 46 0.0000e+00 0.0000e+00 nan nan nan +3.8120e-02 +3.8119e-02
 47 0.0000e+00 0.0000e+00 nan nan nan
 48 0.0000e+00 0.0000e+00 nan nan nan +3.8120e-02 +3.8119e-02
 49 0.0000e+00 0.0000e+00 nan nan nan
 50 0.0000e+00 0.0000e+00 nan nan nan +3.8120e-02 +3.8119e-02
 51 0.0000e+00 0.0000e+00 nan nan nan
 52 0.0000e+00 0.0000e+00 nan nan nan +3.8120e-02 +3.8119e-02
 53 0.0000e+00 0.0000e+00 nan nan nan
 54 0.0000e+00 0.0000e+00 nan nan nan +3.8120e-02 +3.8119e-02
 55 0.0000e+00 0.0000e+00 nan nan nan
 56 0.0000e+00 0.0000e+00 nan nan nan +3.8120e-02 +3.8119e-02
 57 0.0000e+00 0.0000e+00 nan nan nan
 58 0.0000e+00 0.0000e+00 nan nan nan +3.8120e-02 +3.8119e-02
 59 0.0000e+00 0.0000e+00 nan nan nan
 60 0.0000e+00 0.0000e+00 nan nan nan +3.8120e-02 +3.8119e-02
 61 0.0000e+00 0.0000e+00 nan nan nan
 62 0.0000e+00 0.0000e+00 nan nan nan +3.8120e-02 +3.8119e-02
 63 0.0000e+00 0.0000e+00 nan nan nan
 64 0.0000e+00 0.0000e+00 nan nan nan +3.8120e-02 +3.8119e-02
# TC check: K  eta(K)=max_{j<=K}|S_j/N-e_j|  eta_K=exp(-K/e^2)/K  mu<=K/e^2?  TC(N;K,y,eta_K) holds?
#TC   2 3.874e-07 3.814e-01 False True
#TC   4 5.090e-06 1.455e-01 False True
#TC   6 1.997e-05 7.399e-02 False True
#TC   8 3.329e-05 4.234e-02 False True
#TC  10 3.329e-05 2.584e-02 False True
#TC  12 3.329e-05 1.643e-02 False True
#TC  14 3.329e-05 1.074e-02 False True
#TC  16 3.329e-05 7.169e-03 False True
#TC  18 3.329e-05 4.862e-03 False True
#TC  20 3.329e-05 3.338e-03 False True
#TC  22 3.329e-05 2.315e-03 True True
#TC  24 3.329e-05 1.619e-03 True True
#TC  26 3.329e-05 1.140e-03 True True
#TC  28 3.329e-05 8.075e-04 True True
#TC  30 3.329e-05 5.749e-04 True True
#TC  32 3.329e-05 4.112e-04 True True
#TC  34 3.329e-05 2.952e-04 True True
#TC  36 3.329e-05 2.127e-04 True True
#TC  38 3.329e-05 1.537e-04 True True
#TC  40 3.329e-05 1.114e-04 True True
#TC  42 3.329e-05 8.094e-05 True True
#TC  44 3.329e-05 5.894e-05 True True
#TC  46 3.329e-05 4.301e-05 True True
#TC  48 3.329e-05 3.144e-05 True False
#TC  50 3.329e-05 2.303e-05 True False
#TC  52 3.329e-05 1.689e-05 True False
#TC  54 3.329e-05 1.241e-05 True False
#TC  56 3.329e-05 9.128e-06 True False
#TC  58 3.329e-05 6.724e-06 True False
#TC  60 3.329e-05 4.958e-06 True False
#TC  62 3.329e-05 3.660e-06 True False
#TC  64 3.329e-05 2.705e-06 True False

## y=300 primes=32 mu=4.1459 E_int f=4.1459 avoid_int=9.0245e-03 avoid_CRT=8.9893e-03 max f=16
# j  S_j/N   e_j   ratio  aboveN_share(e_j)  termwise_bound/(N e_j)   Bonf_int(j even)  Bonf_CRT
  0 1.0000e+00 1.0000e+00 1.0000 0.000 1.00e-08 +1.0000e+00 +1.0000e+00
  1 4.1459e+00 4.1459e+00 1.0000 0.000 8.39e-07
  2 8.1464e+00 8.1464e+00 1.0000 0.000 7.06e-05 +5.0005e+00 +5.0005e+00
  3 1.0107e+01 1.0107e+01 1.0000 -0.000 5.95e-03
  4 8.8987e+00 8.8990e+00 1.0000 0.105 5.02e-01 +3.7923e+00 +3.7926e+00
  5 5.9244e+00 5.9256e+00 0.9998 0.631 4.25e+01
  6 3.1028e+00 3.1049e+00 0.9993 0.966 3.60e+03 +9.7079e-01 +9.7186e-01
  7 1.3134e+00 1.3152e+00 0.9987 1.000 3.06e+05
  8 4.5837e-01 4.5916e-01 0.9983 1.000 2.61e+07 +1.1571e-01 +1.1582e-01
  9 1.3397e-01 1.3402e-01 0.9997 1.000 2.23e+09
 10 3.3250e-02 3.3057e-02 1.0059 1.000 1.91e+11 +1.4990e-02 +1.4856e-02
 11 7.0910e-03 6.9477e-03 1.0206 1.000 1.64e+13
 12 1.3062e-03 1.2521e-03 1.0432 1.000 1.40e+15 +9.2056e-03 +9.1604e-03
 13 2.0464e-04 1.9439e-04 1.0527 1.000 1.21e+17
 14 2.5690e-05 2.6087e-05 0.9848 1.000 1.04e+19 +9.0267e-03 +8.9921e-03
 15 2.2500e-06 3.0331e-06 0.7418 1.000 8.98e+20
 16 1.0000e-07 3.0590e-07 0.3269 1.000 7.76e+22 +9.0245e-03 +8.9894e-03
 17 0.0000e+00 2.6767e-08 0.0000 1.000 6.71e+24
 18 0.0000e+00 2.0307e-09 0.0000 1.000 5.81e+26 +9.0245e-03 +8.9893e-03
 19 0.0000e+00 1.3333e-10 0.0000 1.000 5.03e+28
 20 0.0000e+00 7.5559e-12 0.0000 1.000 4.37e+30 +9.0245e-03 +8.9893e-03
 21 0.0000e+00 3.6806e-13 0.0000 1.000 3.80e+32
 22 0.0000e+00 1.5328e-14 0.0000 1.000 3.30e+34 +9.0245e-03 +8.9893e-03
 23 0.0000e+00 5.4187e-16 0.0000 1.000 2.88e+36
 24 0.0000e+00 1.6111e-17 0.0000 1.000 2.52e+38 +9.0245e-03 +8.9893e-03
 25 0.0000e+00 3.9806e-19 0.0000 1.000 2.21e+40
 26 0.0000e+00 8.0450e-21 0.0000 1.000 1.95e+42 +9.0245e-03 +8.9893e-03
 27 0.0000e+00 1.3023e-22 0.0000 1.000 1.73e+44
 28 0.0000e+00 1.6399e-24 0.0000 1.000 1.54e+46 +9.0245e-03 +8.9893e-03
 29 0.0000e+00 1.5398e-26 0.0000 1.000 1.38e+48
 30 0.0000e+00 1.0087e-28 0.0000 1.000 1.26e+50 +9.0245e-03 +8.9893e-03
 31 0.0000e+00 4.0871e-31 0.0000 1.000 1.15e+52
 32 0.0000e+00 7.6597e-34 0.0000 1.000 1.07e+54 +9.0245e-03 +8.9893e-03
 33 0.0000e+00 0.0000e+00 nan nan nan
 34 0.0000e+00 0.0000e+00 nan nan nan +9.0245e-03 +8.9893e-03
 35 0.0000e+00 0.0000e+00 nan nan nan
 36 0.0000e+00 0.0000e+00 nan nan nan +9.0245e-03 +8.9893e-03
 37 0.0000e+00 0.0000e+00 nan nan nan
 38 0.0000e+00 0.0000e+00 nan nan nan +9.0245e-03 +8.9893e-03
 39 0.0000e+00 0.0000e+00 nan nan nan
 40 0.0000e+00 0.0000e+00 nan nan nan +9.0245e-03 +8.9893e-03
 41 0.0000e+00 0.0000e+00 nan nan nan
 42 0.0000e+00 0.0000e+00 nan nan nan +9.0245e-03 +8.9893e-03
 43 0.0000e+00 0.0000e+00 nan nan nan
 44 0.0000e+00 0.0000e+00 nan nan nan +9.0245e-03 +8.9893e-03
 45 0.0000e+00 0.0000e+00 nan nan nan
 46 0.0000e+00 0.0000e+00 nan nan nan +9.0245e-03 +8.9893e-03
 47 0.0000e+00 0.0000e+00 nan nan nan
 48 0.0000e+00 0.0000e+00 nan nan nan +9.0245e-03 +8.9893e-03
 49 0.0000e+00 0.0000e+00 nan nan nan
 50 0.0000e+00 0.0000e+00 nan nan nan +9.0245e-03 +8.9893e-03
 51 0.0000e+00 0.0000e+00 nan nan nan
 52 0.0000e+00 0.0000e+00 nan nan nan +9.0245e-03 +8.9893e-03
 53 0.0000e+00 0.0000e+00 nan nan nan
 54 0.0000e+00 0.0000e+00 nan nan nan +9.0245e-03 +8.9893e-03
 55 0.0000e+00 0.0000e+00 nan nan nan
 56 0.0000e+00 0.0000e+00 nan nan nan +9.0245e-03 +8.9893e-03
 57 0.0000e+00 0.0000e+00 nan nan nan
 58 0.0000e+00 0.0000e+00 nan nan nan +9.0245e-03 +8.9893e-03
 59 0.0000e+00 0.0000e+00 nan nan nan
 60 0.0000e+00 0.0000e+00 nan nan nan +9.0245e-03 +8.9893e-03
 61 0.0000e+00 0.0000e+00 nan nan nan
 62 0.0000e+00 0.0000e+00 nan nan nan +9.0245e-03 +8.9893e-03
 63 0.0000e+00 0.0000e+00 nan nan nan
 64 0.0000e+00 0.0000e+00 nan nan nan +9.0245e-03 +8.9893e-03
# TC check: K  eta(K)=max_{j<=K}|S_j/N-e_j|  eta_K=exp(-K/e^2)/K  mu<=K/e^2?  TC(N;K,y,eta_K) holds?
#TC   2 5.718e-07 3.814e-01 False True
#TC   4 2.665e-04 1.455e-01 False True
#TC   6 2.043e-03 7.399e-02 False True
#TC   8 2.043e-03 4.234e-02 False True
#TC  10 2.043e-03 2.584e-02 False True
#TC  12 2.043e-03 1.643e-02 False True
#TC  14 2.043e-03 1.074e-02 False True
#TC  16 2.043e-03 7.169e-03 False True
#TC  18 2.043e-03 4.862e-03 False True
#TC  20 2.043e-03 3.338e-03 False True
#TC  22 2.043e-03 2.315e-03 False True
#TC  24 2.043e-03 1.619e-03 False False
#TC  26 2.043e-03 1.140e-03 False False
#TC  28 2.043e-03 8.075e-04 False False
#TC  30 2.043e-03 5.749e-04 False False
#TC  32 2.043e-03 4.112e-04 True False
#TC  34 2.043e-03 2.952e-04 True False
#TC  36 2.043e-03 2.127e-04 True False
#TC  38 2.043e-03 1.537e-04 True False
#TC  40 2.043e-03 1.114e-04 True False
#TC  42 2.043e-03 8.094e-05 True False
#TC  44 2.043e-03 5.894e-05 True False
#TC  46 2.043e-03 4.301e-05 True False
#TC  48 2.043e-03 3.144e-05 True False
#TC  50 2.043e-03 2.303e-05 True False
#TC  52 2.043e-03 1.689e-05 True False
#TC  54 2.043e-03 1.241e-05 True False
#TC  56 2.043e-03 9.128e-06 True False
#TC  58 2.043e-03 6.724e-06 True False
#TC  60 2.043e-03 4.958e-06 True False
#TC  62 2.043e-03 3.660e-06 True False
#TC  64 2.043e-03 2.705e-06 True False

## y=1000 primes=87 mu=6.0005 E_int f=6.0005 avoid_int=1.4041e-03 avoid_CRT=1.3270e-03 max f=22
# j  S_j/N   e_j   ratio  aboveN_share(e_j)  termwise_bound/(N e_j)   Bonf_int(j even)  Bonf_CRT
  0 1.0000e+00 1.0000e+00 1.0000 0.000 1.00e-08 +1.0000e+00 +1.0000e+00
  1 6.0005e+00 6.0005e+00 1.0000 0.000 2.39e-06
  2 1.7500e+01 1.7500e+01 1.0000 0.000 5.75e-04 +1.2499e+01 +1.2499e+01
  3 3.3079e+01 3.3080e+01 1.0000 0.034 1.39e-01
  4 4.5602e+01 4.5603e+01 1.0000 0.515 3.40e+01 +2.5022e+01 +2.5023e+01
  5 4.8907e+01 4.8913e+01 0.9999 0.918 8.35e+03
  6 4.2510e+01 4.2523e+01 0.9997 0.997 2.06e+06 +1.8624e+01 +1.8633e+01
  7 3.0801e+01 3.0825e+01 0.9993 1.000 5.14e+08
  8 1.8992e+01 1.9020e+01 0.9985 1.000 1.29e+11 +6.8148e+00 +6.8293e+00
  9 1.0123e+01 1.0150e+01 0.9973 1.000 3.25e+13
 10 4.7200e+00 4.7431e+00 0.9951 1.000 8.24e+15 +1.4122e+00 +1.4224e+00
 11 1.9430e+00 1.9606e+00 0.9910 1.000 2.10e+18
 12 7.1059e-01 7.2284e-01 0.9830 1.000 5.39e+20 +1.7984e-01 +1.8462e-01
 13 2.3172e-01 2.3937e-01 0.9681 1.000 1.39e+23
 14 6.7465e-02 7.1620e-02 0.9420 1.000 3.61e+25 +1.5579e-02 +1.6868e-02
 15 1.7527e-02 1.9460e-02 0.9006 1.000 9.43e+27
 16 4.0546e-03 4.8231e-03 0.8407 1.000 2.48e+30 +2.1063e-03 +2.2305e-03
 17 8.3105e-04 1.0946e-03 0.7592 1.000 6.53e+32
 18 1.4896e-04 2.2823e-04 0.6527 1.000 1.73e+35 +1.4242e-03 +1.3641e-03
 19 2.2630e-05 4.3855e-05 0.5160 1.000 4.62e+37
 20 2.7300e-06 7.7866e-06 0.3506 1.000 1.24e+40 +1.4043e-03 +1.3281e-03
 21 2.3000e-07 1.2805e-06 0.1796 1.000 3.34e+42
 22 1.0000e-08 1.9547e-07 0.0512 1.000 9.04e+44 +1.4040e-03 +1.3270e-03
 23 0.0000e+00 2.7748e-08 0.0000 1.000 2.46e+47
 24 0.0000e+00 3.6698e-09 0.0000 1.000 6.73e+49 +1.4040e-03 +1.3270e-03
 25 0.0000e+00 4.5286e-10 0.0000 1.000 1.85e+52
 26 0.0000e+00 5.2217e-11 0.0000 1.000 5.11e+54 +1.4040e-03 +1.3270e-03
 27 0.0000e+00 5.6332e-12 0.0000 1.000 1.42e+57
 28 0.0000e+00 5.6924e-13 0.0000 1.000 3.95e+59 +1.4040e-03 +1.3270e-03
 29 0.0000e+00 5.3937e-14 0.0000 1.000 1.11e+62
 30 0.0000e+00 4.7967e-15 0.0000 1.000 3.12e+64 +1.4040e-03 +1.3270e-03
 31 0.0000e+00 4.0072e-16 0.0000 1.000 8.81e+66
 32 0.0000e+00 3.1472e-17 0.0000 1.000 2.50e+69 +1.4040e-03 +1.3270e-03
 33 0.0000e+00 2.3253e-18 0.0000 1.000 7.15e+71
 34 0.0000e+00 1.6173e-19 0.0000 1.000 2.05e+74 +1.4040e-03 +1.3270e-03
 35 0.0000e+00 1.0594e-20 0.0000 1.000 5.90e+76
 36 0.0000e+00 6.5399e-22 0.0000 1.000 1.71e+79 +1.4040e-03 +1.3270e-03
 37 0.0000e+00 3.8059e-23 0.0000 1.000 4.97e+81
 38 0.0000e+00 2.0887e-24 0.0000 1.000 1.45e+84 +1.4040e-03 +1.3270e-03
 39 0.0000e+00 1.0814e-25 0.0000 1.000 4.26e+86
 40 0.0000e+00 5.2833e-27 0.0000 1.000 1.25e+89 +1.4040e-03 +1.3270e-03
 41 0.0000e+00 2.4361e-28 0.0000 1.000 3.71e+91
 42 0.0000e+00 1.0603e-29 0.0000 1.000 1.10e+94 +1.4040e-03 +1.3270e-03
 43 0.0000e+00 4.3569e-31 0.0000 1.000 3.30e+96
 44 0.0000e+00 1.6902e-32 0.0000 1.000 9.89e+98 +1.4040e-03 +1.3270e-03
 45 0.0000e+00 6.1903e-34 0.0000 1.000 2.98e+101
 46 0.0000e+00 2.1404e-35 0.0000 1.000 9.01e+103 +1.4040e-03 +1.3270e-03
 47 0.0000e+00 6.9862e-37 0.0000 1.000 2.74e+106
 48 0.0000e+00 2.1522e-38 0.0000 1.000 8.36e+108 +1.4040e-03 +1.3270e-03
 49 0.0000e+00 6.2565e-40 0.0000 1.000 2.56e+111
 50 0.0000e+00 1.7159e-41 0.0000 1.000 7.88e+113 +1.4040e-03 +1.3270e-03
 51 0.0000e+00 4.4384e-43 0.0000 1.000 2.44e+116
 52 0.0000e+00 1.0824e-44 0.0000 1.000 7.56e+118 +1.4040e-03 +1.3270e-03
 53 0.0000e+00 2.4876e-46 0.0000 1.000 2.36e+121
 54 0.0000e+00 5.3853e-48 0.0000 1.000 7.37e+123 +1.4040e-03 +1.3270e-03
 55 0.0000e+00 1.0976e-49 0.0000 1.000 2.32e+126
 56 0.0000e+00 2.1047e-51 0.0000 1.000 7.31e+128 +1.4040e-03 +1.3270e-03
 57 0.0000e+00 3.7946e-53 0.0000 1.000 2.31e+131
 58 0.0000e+00 6.4278e-55 0.0000 1.000 7.36e+133 +1.4040e-03 +1.3270e-03
 59 0.0000e+00 1.0221e-56 0.0000 1.000 2.35e+136
 60 0.0000e+00 1.5242e-58 0.0000 1.000 7.54e+138 +1.4040e-03 +1.3270e-03
 61 0.0000e+00 2.1294e-60 0.0000 1.000 2.43e+141
 62 0.0000e+00 2.7840e-62 0.0000 1.000 7.84e+143 +1.4040e-03 +1.3270e-03
 63 0.0000e+00 3.4017e-64 0.0000 1.000 2.54e+146
 64 0.0000e+00 3.8791e-66 0.0000 1.000 8.28e+148 +1.4040e-03 +1.3270e-03
# TC check: K  eta(K)=max_{j<=K}|S_j/N-e_j|  eta_K=exp(-K/e^2)/K  mu<=K/e^2?  TC(N;K,y,eta_K) holds?
#TC   2 5.262e-06 3.814e-01 False True
#TC   4 1.564e-03 1.455e-01 False True
#TC   6 1.358e-02 7.399e-02 False True
#TC   8 2.827e-02 4.234e-02 False True
#TC  10 2.827e-02 2.584e-02 False False
#TC  12 2.827e-02 1.643e-02 False False
#TC  14 2.827e-02 1.074e-02 False False
#TC  16 2.827e-02 7.169e-03 False False
#TC  18 2.827e-02 4.862e-03 False False
#TC  20 2.827e-02 3.338e-03 False False
#TC  22 2.827e-02 2.315e-03 False False
#TC  24 2.827e-02 1.619e-03 False False
#TC  26 2.827e-02 1.140e-03 False False
#TC  28 2.827e-02 8.075e-04 False False
#TC  30 2.827e-02 5.749e-04 False False
#TC  32 2.827e-02 4.112e-04 False False
#TC  34 2.827e-02 2.952e-04 False False
#TC  36 2.827e-02 2.127e-04 False False
#TC  38 2.827e-02 1.537e-04 False False
#TC  40 2.827e-02 1.114e-04 False False
#TC  42 2.827e-02 8.094e-05 False False
#TC  44 2.827e-02 5.894e-05 False False
#TC  46 2.827e-02 4.301e-05 True False
#TC  48 2.827e-02 3.144e-05 True False
#TC  50 2.827e-02 2.303e-05 True False
#TC  52 2.827e-02 1.689e-05 True False
#TC  54 2.827e-02 1.241e-05 True False
#TC  56 2.827e-02 9.128e-06 True False
#TC  58 2.827e-02 6.724e-06 True False
#TC  60 2.827e-02 4.958e-06 True False
#TC  62 2.827e-02 3.660e-06 True False
#TC  64 2.827e-02 2.705e-06 True False

## y=3000 primes=218 mu=8.0087 E_int f=8.0087 avoid_int=2.6778e-04 avoid_CRT=1.7319e-04 max f=26
# j  S_j/N   e_j   ratio  aboveN_share(e_j)  termwise_bound/(N e_j)   Bonf_int(j even)  Bonf_CRT
  0 1.0000e+00 1.0000e+00 1.0000 0.000 1.00e-08 +1.0000e+00 +1.0000e+00
  1 8.0087e+00 8.0087e+00 1.0000 0.000 6.39e-06
  2 3.1539e+01 3.1539e+01 1.0000 0.000 4.11e-03 +2.4530e+01 +2.4530e+01
  3 8.1449e+01 8.1452e+01 1.0000 0.238 2.67e+00
  4 1.5522e+02 1.5524e+02 0.9999 0.785 1.74e+03 +9.8301e+01 +9.8313e+01
  5 2.3289e+02 2.3293e+02 0.9998 0.980 1.15e+06
  6 2.8662e+02 2.8672e+02 0.9997 1.000 7.62e+08 +1.5203e+02 +1.5210e+02
  7 2.9767e+02 2.9783e+02 0.9994 1.000 5.09e+11
  8 2.6635e+02 2.6658e+02 0.9992 1.000 3.43e+14 +1.2072e+02 +1.2084e+02
  9 2.0865e+02 2.0889e+02 0.9988 1.000 2.32e+17
 10 1.4489e+02 1.4513e+02 0.9983 1.000 1.58e+20 +5.6962e+01 +5.7076e+01
 11 9.0098e+01 9.0311e+01 0.9976 1.000 1.08e+23
 12 5.0578e+01 5.0763e+01 0.9963 1.000 7.48e+25 +1.7442e+01 +1.7528e+01
 13 2.5795e+01 2.5959e+01 0.9937 1.000 5.19e+28
 14 1.2006e+01 1.2150e+01 0.9882 1.000 3.62e+31 +3.6533e+00 +3.7194e+00
 15 5.1127e+00 5.2321e+00 0.9772 1.000 2.54e+34
 16 1.9912e+00 2.0826e+00 0.9561 1.000 1.79e+37 +5.3173e-01 +5.6997e-01
 17 7.0645e-01 7.6931e-01 0.9183 1.000 1.27e+40
 18 2.2645e-01 2.6468e-01 0.8556 1.000 9.05e+42 +5.1726e-02 +6.5339e-02
 19 6.4728e-02 8.5083e-02 0.7608 1.000 6.49e+45
 20 1.6197e-02 2.5628e-02 0.6320 1.000 4.67e+48 +3.1953e-03 +5.8848e-03
 21 3.4624e-03 7.2524e-03 0.4774 1.000 3.38e+51
 22 6.1218e-04 1.9326e-03 0.3168 1.000 2.45e+54 +3.4512e-04 +5.6505e-04
 23 8.5610e-05 4.8602e-04 0.1761 1.000 1.79e+57
 24 8.8500e-06 1.1557e-04 0.0766 1.000 1.31e+60 +2.6836e-04 +1.9461e-04
 25 6.0000e-07 2.6034e-05 0.0230 1.000 9.68e+62
 26 2.0000e-08 5.5644e-06 0.0036 1.000 7.16e+65 +2.6778e-04 +1.7414e-04
 27 0.0000e+00 1.1303e-06 0.0000 1.000 5.32e+68
 28 0.0000e+00 2.1850e-07 0.0000 1.000 3.96e+71 +2.6778e-04 +1.7323e-04
 29 0.0000e+00 4.0252e-08 0.0000 1.000 2.97e+74
 30 0.0000e+00 7.0753e-09 0.0000 1.000 2.23e+77 +2.6778e-04 +1.7319e-04
 31 0.0000e+00 1.1880e-09 0.0000 1.000 1.68e+80
 32 0.0000e+00 1.9077e-10 0.0000 1.000 1.28e+83 +2.6778e-04 +1.7319e-04
 33 0.0000e+00 2.9325e-11 0.0000 1.000 9.70e+85
 34 0.0000e+00 4.3193e-12 0.0000 1.000 7.40e+88 +2.6778e-04 +1.7319e-04
 35 0.0000e+00 6.1016e-13 0.0000 1.000 5.67e+91
 36 0.0000e+00 8.2735e-14 0.0000 1.000 4.36e+94 +2.6778e-04 +1.7319e-04
 37 0.0000e+00 1.0777e-14 0.0000 1.000 3.36e+97
 38 0.0000e+00 1.3497e-15 0.0000 1.000 2.60e+100 +2.6778e-04 +1.7319e-04
 39 0.0000e+00 1.6261e-16 0.0000 1.000 2.02e+103
 40 0.0000e+00 1.8862e-17 0.0000 1.000 1.57e+106 +2.6778e-04 +1.7319e-04
 41 0.0000e+00 2.1078e-18 0.0000 1.000 1.23e+109
 42 0.0000e+00 2.2705e-19 0.0000 1.000 9.63e+111 +2.6778e-04 +1.7319e-04
 43 0.0000e+00 2.3590e-20 0.0000 1.000 7.57e+114
 44 0.0000e+00 2.3653e-21 0.0000 1.000 5.97e+117 +2.6778e-04 +1.7319e-04
 45 0.0000e+00 2.2900e-22 0.0000 1.000 4.72e+120
 46 0.0000e+00 2.1419e-23 0.0000 1.000 3.75e+123 +2.6778e-04 +1.7319e-04
 47 0.0000e+00 1.9363e-24 0.0000 1.000 2.98e+126
 48 0.0000e+00 1.6926e-25 0.0000 1.000 2.38e+129 +2.6778e-04 +1.7319e-04
 49 0.0000e+00 1.4314e-26 0.0000 1.000 1.91e+132
 50 0.0000e+00 1.1716e-27 0.0000 1.000 1.53e+135 +2.6778e-04 +1.7319e-04
 51 0.0000e+00 9.2839e-29 0.0000 1.000 1.23e+138
 52 0.0000e+00 7.1258e-30 0.0000 1.000 9.94e+140 +2.6778e-04 +1.7319e-04
 53 0.0000e+00 5.2995e-31 0.0000 1.000 8.05e+143
 54 0.0000e+00 3.8202e-32 0.0000 1.000 6.53e+146 +2.6778e-04 +1.7319e-04
 55 0.0000e+00 2.6702e-33 0.0000 1.000 5.31e+149
 56 0.0000e+00 1.8102e-34 0.0000 1.000 4.33e+152 +2.6778e-04 +1.7319e-04
 57 0.0000e+00 1.1907e-35 0.0000 1.000 3.55e+155
 58 0.0000e+00 7.6013e-37 0.0000 1.000 2.91e+158 +2.6778e-04 +1.7319e-04
 59 0.0000e+00 4.7109e-38 0.0000 1.000 2.39e+161
 60 0.0000e+00 2.8351e-39 0.0000 1.000 1.97e+164 +2.6778e-04 +1.7319e-04
 61 0.0000e+00 1.6573e-40 0.0000 1.000 1.63e+167
 62 0.0000e+00 9.4129e-42 0.0000 1.000 1.35e+170 +2.6778e-04 +1.7319e-04
 63 0.0000e+00 5.1955e-43 0.0000 1.000 1.12e+173
 64 0.0000e+00 2.7875e-44 0.0000 1.000 9.30e+175 +2.6778e-04 +1.7319e-04
# TC check: K  eta(K)=max_{j<=K}|S_j/N-e_j|  eta_K=exp(-K/e^2)/K  mu<=K/e^2?  TC(N;K,y,eta_K) holds?
#TC   2 9.134e-06 3.814e-01 False True
#TC   4 1.583e-02 1.455e-01 False True
#TC   6 9.754e-02 7.399e-02 False False
#TC   8 2.232e-01 4.234e-02 False False
#TC  10 2.489e-01 2.584e-02 False False
#TC  12 2.489e-01 1.643e-02 False False
#TC  14 2.489e-01 1.074e-02 False False
#TC  16 2.489e-01 7.169e-03 False False
#TC  18 2.489e-01 4.862e-03 False False
#TC  20 2.489e-01 3.338e-03 False False
#TC  22 2.489e-01 2.315e-03 False False
#TC  24 2.489e-01 1.619e-03 False False
#TC  26 2.489e-01 1.140e-03 False False
#TC  28 2.489e-01 8.075e-04 False False
#TC  30 2.489e-01 5.749e-04 False False
#TC  32 2.489e-01 4.112e-04 False False
#TC  34 2.489e-01 2.952e-04 False False
#TC  36 2.489e-01 2.127e-04 False False
#TC  38 2.489e-01 1.537e-04 False False
#TC  40 2.489e-01 1.114e-04 False False
#TC  42 2.489e-01 8.094e-05 False False
#TC  44 2.489e-01 5.894e-05 False False
#TC  46 2.489e-01 4.301e-05 False False
#TC  48 2.489e-01 3.144e-05 False False
#TC  50 2.489e-01 2.303e-05 False False
#TC  52 2.489e-01 1.689e-05 False False
#TC  54 2.489e-01 1.241e-05 False False
#TC  56 2.489e-01 9.128e-06 False False
#TC  58 2.489e-01 6.724e-06 False False
#TC  60 2.489e-01 4.958e-06 True False
#TC  62 2.489e-01 3.660e-06 True False
#TC  64 2.489e-01 2.705e-06 True False
