# N=100000000 mode=all family=rand sample=100000000 log N=18.421

## y=100 primes=13 mu=2.7731 E_int f=2.7731 avoid_int=3.8121e-02 avoid_CRT=3.8119e-02 max f=12
# j  S_j/N   e_j   ratio  aboveN_share(e_j)  termwise_bound/(N e_j)   Bonf_int(j even)  Bonf_CRT
  0 1.0000e+00 1.0000e+00 1.0000 0.000 1.00e-08 +1.0000e+00 +1.0000e+00
  1 2.7731e+00 2.7731e+00 1.0000 -0.000 3.21e-07
  2 3.4633e+00 3.4633e+00 1.0000 0.000 1.02e-05 +1.6902e+00 +1.6902e+00
  3 2.5771e+00 2.5771e+00 1.0000 0.000 3.18e-04
  4 1.2737e+00 1.2737e+00 1.0000 0.000 9.77e-03 +3.8680e-01 +3.8680e-01
  5 4.4110e-01 4.4110e-01 1.0000 0.065 2.96e-01
  6 1.0999e-01 1.0999e-01 1.0001 0.600 8.79e+00 +5.5689e-02 +5.5683e-02
  7 1.9970e-02 1.9964e-02 1.0003 1.000 2.57e+02
  8 2.6373e-03 2.6333e-03 1.0015 1.000 7.40e+03 +3.8356e-02 +3.8352e-02
  9 2.5108e-04 2.4873e-04 1.0095 1.000 2.10e+05
 10 1.7220e-05 1.6305e-05 1.0561 1.000 5.85e+06 +3.8122e-02 +3.8120e-02
 11 8.4000e-07 6.9989e-07 1.2002 1.000 1.61e+08
 12 2.0000e-08 1.7548e-08 1.1398 1.000 4.38e+09 +3.8121e-02 +3.8119e-02
 13 0.0000e+00 1.9292e-10 0.0000 1.000 1.16e+11
 14 0.0000e+00 0.0000e+00 nan nan nan +3.8121e-02 +3.8119e-02
 15 0.0000e+00 0.0000e+00 nan nan nan
 16 0.0000e+00 0.0000e+00 nan nan nan +3.8121e-02 +3.8119e-02
 17 0.0000e+00 0.0000e+00 nan nan nan
 18 0.0000e+00 0.0000e+00 nan nan nan +3.8121e-02 +3.8119e-02
 19 0.0000e+00 0.0000e+00 nan nan nan
 20 0.0000e+00 0.0000e+00 nan nan nan +3.8121e-02 +3.8119e-02
 21 0.0000e+00 0.0000e+00 nan nan nan
 22 0.0000e+00 0.0000e+00 nan nan nan +3.8121e-02 +3.8119e-02
 23 0.0000e+00 0.0000e+00 nan nan nan
 24 0.0000e+00 0.0000e+00 nan nan nan +3.8121e-02 +3.8119e-02
 25 0.0000e+00 0.0000e+00 nan nan nan
 26 0.0000e+00 0.0000e+00 nan nan nan +3.8121e-02 +3.8119e-02
 27 0.0000e+00 0.0000e+00 nan nan nan
 28 0.0000e+00 0.0000e+00 nan nan nan +3.8121e-02 +3.8119e-02
 29 0.0000e+00 0.0000e+00 nan nan nan
 30 0.0000e+00 0.0000e+00 nan nan nan +3.8121e-02 +3.8119e-02
 31 0.0000e+00 0.0000e+00 nan nan nan
 32 0.0000e+00 0.0000e+00 nan nan nan +3.8121e-02 +3.8119e-02
 33 0.0000e+00 0.0000e+00 nan nan nan
 34 0.0000e+00 0.0000e+00 nan nan nan +3.8121e-02 +3.8119e-02
 35 0.0000e+00 0.0000e+00 nan nan nan
 36 0.0000e+00 0.0000e+00 nan nan nan +3.8121e-02 +3.8119e-02
 37 0.0000e+00 0.0000e+00 nan nan nan
 38 0.0000e+00 0.0000e+00 nan nan nan +3.8121e-02 +3.8119e-02
 39 0.0000e+00 0.0000e+00 nan nan nan
 40 0.0000e+00 0.0000e+00 nan nan nan +3.8121e-02 +3.8119e-02
 41 0.0000e+00 0.0000e+00 nan nan nan
 42 0.0000e+00 0.0000e+00 nan nan nan +3.8121e-02 +3.8119e-02
 43 0.0000e+00 0.0000e+00 nan nan nan
 44 0.0000e+00 0.0000e+00 nan nan nan +3.8121e-02 +3.8119e-02
 45 0.0000e+00 0.0000e+00 nan nan nan
 46 0.0000e+00 0.0000e+00 nan nan nan +3.8121e-02 +3.8119e-02
 47 0.0000e+00 0.0000e+00 nan nan nan
 48 0.0000e+00 0.0000e+00 nan nan nan +3.8121e-02 +3.8119e-02
 49 0.0000e+00 0.0000e+00 nan nan nan
 50 0.0000e+00 0.0000e+00 nan nan nan +3.8121e-02 +3.8119e-02
 51 0.0000e+00 0.0000e+00 nan nan nan
 52 0.0000e+00 0.0000e+00 nan nan nan +3.8121e-02 +3.8119e-02
 53 0.0000e+00 0.0000e+00 nan nan nan
 54 0.0000e+00 0.0000e+00 nan nan nan +3.8121e-02 +3.8119e-02
 55 0.0000e+00 0.0000e+00 nan nan nan
 56 0.0000e+00 0.0000e+00 nan nan nan +3.8121e-02 +3.8119e-02
 57 0.0000e+00 0.0000e+00 nan nan nan
 58 0.0000e+00 0.0000e+00 nan nan nan +3.8121e-02 +3.8119e-02
 59 0.0000e+00 0.0000e+00 nan nan nan
 60 0.0000e+00 0.0000e+00 nan nan nan +3.8121e-02 +3.8119e-02
 61 0.0000e+00 0.0000e+00 nan nan nan
 62 0.0000e+00 0.0000e+00 nan nan nan +3.8121e-02 +3.8119e-02
 63 0.0000e+00 0.0000e+00 nan nan nan
 64 0.0000e+00 0.0000e+00 nan nan nan +3.8121e-02 +3.8119e-02
# TC check: K  eta(K)=max_{j<=K}|S_j/N-e_j|  eta_K=exp(-K/e^2)/K  mu<=K/e^2?  TC(N;K,y,eta_K) holds?
#TC   2 2.926e-07 3.814e-01 False True
#TC   4 5.438e-07 1.455e-01 False True
#TC   6 7.161e-06 7.399e-02 False True
#TC   8 7.161e-06 4.234e-02 False True
#TC  10 7.161e-06 2.584e-02 False True
#TC  12 7.161e-06 1.643e-02 False True
#TC  14 7.161e-06 1.074e-02 False True
#TC  16 7.161e-06 7.169e-03 False True
#TC  18 7.161e-06 4.862e-03 False True
#TC  20 7.161e-06 3.338e-03 False True
#TC  22 7.161e-06 2.315e-03 True True
#TC  24 7.161e-06 1.619e-03 True True
#TC  26 7.161e-06 1.140e-03 True True
#TC  28 7.161e-06 8.075e-04 True True
#TC  30 7.161e-06 5.749e-04 True True
#TC  32 7.161e-06 4.112e-04 True True
#TC  34 7.161e-06 2.952e-04 True True
#TC  36 7.161e-06 2.127e-04 True True
#TC  38 7.161e-06 1.537e-04 True True
#TC  40 7.161e-06 1.114e-04 True True
#TC  42 7.161e-06 8.094e-05 True True
#TC  44 7.161e-06 5.894e-05 True True
#TC  46 7.161e-06 4.301e-05 True True
#TC  48 7.161e-06 3.144e-05 True True
#TC  50 7.161e-06 2.303e-05 True True
#TC  52 7.161e-06 1.689e-05 True True
#TC  54 7.161e-06 1.241e-05 True True
#TC  56 7.161e-06 9.128e-06 True True
#TC  58 7.161e-06 6.724e-06 True False
#TC  60 7.161e-06 4.958e-06 True False
#TC  62 7.161e-06 3.660e-06 True False
#TC  64 7.161e-06 2.705e-06 True False

## y=300 primes=32 mu=4.1459 E_int f=4.1459 avoid_int=8.9807e-03 avoid_CRT=8.9893e-03 max f=17
# j  S_j/N   e_j   ratio  aboveN_share(e_j)  termwise_bound/(N e_j)   Bonf_int(j even)  Bonf_CRT
  0 1.0000e+00 1.0000e+00 1.0000 0.000 1.00e-08 +1.0000e+00 +1.0000e+00
  1 4.1459e+00 4.1459e+00 1.0000 0.000 8.39e-07
  2 8.1464e+00 8.1464e+00 1.0000 0.000 7.06e-05 +5.0005e+00 +5.0005e+00
  3 1.0107e+01 1.0107e+01 1.0000 -0.000 5.95e-03
  4 8.8989e+00 8.8990e+00 1.0000 0.105 5.02e-01 +3.7925e+00 +3.7926e+00
  5 5.9255e+00 5.9256e+00 1.0000 0.631 4.25e+01
  6 3.1050e+00 3.1049e+00 1.0000 0.966 3.60e+03 +9.7198e-01 +9.7186e-01
  7 1.3156e+00 1.3152e+00 1.0003 1.000 3.06e+05
  8 4.5978e-01 4.5916e-01 1.0013 1.000 2.61e+07 +1.1614e-01 +1.1582e-01
  9 1.3462e-01 1.3402e-01 1.0045 1.000 2.23e+09
 10 3.3485e-02 3.3057e-02 1.0130 1.000 1.91e+11 +1.5005e-02 +1.4856e-02
 11 7.1722e-03 6.9477e-03 1.0323 1.000 1.64e+13
 12 1.3392e-03 1.2521e-03 1.0696 1.000 1.40e+15 +9.1720e-03 +9.1604e-03
 13 2.1860e-04 1.9439e-04 1.1246 1.000 1.21e+17
 14 3.0460e-05 2.6087e-05 1.1676 1.000 1.04e+19 +8.9838e-03 +8.9921e-03
 15 3.3800e-06 3.0331e-06 1.1144 1.000 8.98e+20
 16 2.6000e-07 3.0590e-07 0.8499 1.000 7.76e+22 +8.9807e-03 +8.9894e-03
 17 1.0000e-08 2.6767e-08 0.3736 1.000 6.71e+24
 18 0.0000e+00 2.0307e-09 0.0000 1.000 5.81e+26 +8.9807e-03 +8.9893e-03
 19 0.0000e+00 1.3333e-10 0.0000 1.000 5.03e+28
 20 0.0000e+00 7.5559e-12 0.0000 1.000 4.37e+30 +8.9807e-03 +8.9893e-03
 21 0.0000e+00 3.6806e-13 0.0000 1.000 3.80e+32
 22 0.0000e+00 1.5328e-14 0.0000 1.000 3.30e+34 +8.9807e-03 +8.9893e-03
 23 0.0000e+00 5.4187e-16 0.0000 1.000 2.88e+36
 24 0.0000e+00 1.6111e-17 0.0000 1.000 2.52e+38 +8.9807e-03 +8.9893e-03
 25 0.0000e+00 3.9806e-19 0.0000 1.000 2.21e+40
 26 0.0000e+00 8.0450e-21 0.0000 1.000 1.95e+42 +8.9807e-03 +8.9893e-03
 27 0.0000e+00 1.3023e-22 0.0000 1.000 1.73e+44
 28 0.0000e+00 1.6399e-24 0.0000 1.000 1.54e+46 +8.9807e-03 +8.9893e-03
 29 0.0000e+00 1.5398e-26 0.0000 1.000 1.38e+48
 30 0.0000e+00 1.0087e-28 0.0000 1.000 1.26e+50 +8.9807e-03 +8.9893e-03
 31 0.0000e+00 4.0871e-31 0.0000 1.000 1.15e+52
 32 0.0000e+00 7.6597e-34 0.0000 1.000 1.07e+54 +8.9807e-03 +8.9893e-03
 33 0.0000e+00 0.0000e+00 nan nan nan
 34 0.0000e+00 0.0000e+00 nan nan nan +8.9807e-03 +8.9893e-03
 35 0.0000e+00 0.0000e+00 nan nan nan
 36 0.0000e+00 0.0000e+00 nan nan nan +8.9807e-03 +8.9893e-03
 37 0.0000e+00 0.0000e+00 nan nan nan
 38 0.0000e+00 0.0000e+00 nan nan nan +8.9807e-03 +8.9893e-03
 39 0.0000e+00 0.0000e+00 nan nan nan
 40 0.0000e+00 0.0000e+00 nan nan nan +8.9807e-03 +8.9893e-03
 41 0.0000e+00 0.0000e+00 nan nan nan
 42 0.0000e+00 0.0000e+00 nan nan nan +8.9807e-03 +8.9893e-03
 43 0.0000e+00 0.0000e+00 nan nan nan
 44 0.0000e+00 0.0000e+00 nan nan nan +8.9807e-03 +8.9893e-03
 45 0.0000e+00 0.0000e+00 nan nan nan
 46 0.0000e+00 0.0000e+00 nan nan nan +8.9807e-03 +8.9893e-03
 47 0.0000e+00 0.0000e+00 nan nan nan
 48 0.0000e+00 0.0000e+00 nan nan nan +8.9807e-03 +8.9893e-03
 49 0.0000e+00 0.0000e+00 nan nan nan
 50 0.0000e+00 0.0000e+00 nan nan nan +8.9807e-03 +8.9893e-03
 51 0.0000e+00 0.0000e+00 nan nan nan
 52 0.0000e+00 0.0000e+00 nan nan nan +8.9807e-03 +8.9893e-03
 53 0.0000e+00 0.0000e+00 nan nan nan
 54 0.0000e+00 0.0000e+00 nan nan nan +8.9807e-03 +8.9893e-03
 55 0.0000e+00 0.0000e+00 nan nan nan
 56 0.0000e+00 0.0000e+00 nan nan nan +8.9807e-03 +8.9893e-03
 57 0.0000e+00 0.0000e+00 nan nan nan
 58 0.0000e+00 0.0000e+00 nan nan nan +8.9807e-03 +8.9893e-03
 59 0.0000e+00 0.0000e+00 nan nan nan
 60 0.0000e+00 0.0000e+00 nan nan nan +8.9807e-03 +8.9893e-03
 61 0.0000e+00 0.0000e+00 nan nan nan
 62 0.0000e+00 0.0000e+00 nan nan nan +8.9807e-03 +8.9893e-03
 63 0.0000e+00 0.0000e+00 nan nan nan
 64 0.0000e+00 0.0000e+00 nan nan nan +8.9807e-03 +8.9893e-03
# TC check: K  eta(K)=max_{j<=K}|S_j/N-e_j|  eta_K=exp(-K/e^2)/K  mu<=K/e^2?  TC(N;K,y,eta_K) holds?
#TC   2 4.818e-07 3.814e-01 False True
#TC   4 5.666e-05 1.455e-01 False True
#TC   6 1.073e-04 7.399e-02 False True
#TC   8 6.149e-04 4.234e-02 False True
#TC  10 6.149e-04 2.584e-02 False True
#TC  12 6.149e-04 1.643e-02 False True
#TC  14 6.149e-04 1.074e-02 False True
#TC  16 6.149e-04 7.169e-03 False True
#TC  18 6.149e-04 4.862e-03 False True
#TC  20 6.149e-04 3.338e-03 False True
#TC  22 6.149e-04 2.315e-03 False True
#TC  24 6.149e-04 1.619e-03 False True
#TC  26 6.149e-04 1.140e-03 False True
#TC  28 6.149e-04 8.075e-04 False True
#TC  30 6.149e-04 5.749e-04 False False
#TC  32 6.149e-04 4.112e-04 True False
#TC  34 6.149e-04 2.952e-04 True False
#TC  36 6.149e-04 2.127e-04 True False
#TC  38 6.149e-04 1.537e-04 True False
#TC  40 6.149e-04 1.114e-04 True False
#TC  42 6.149e-04 8.094e-05 True False
#TC  44 6.149e-04 5.894e-05 True False
#TC  46 6.149e-04 4.301e-05 True False
#TC  48 6.149e-04 3.144e-05 True False
#TC  50 6.149e-04 2.303e-05 True False
#TC  52 6.149e-04 1.689e-05 True False
#TC  54 6.149e-04 1.241e-05 True False
#TC  56 6.149e-04 9.128e-06 True False
#TC  58 6.149e-04 6.724e-06 True False
#TC  60 6.149e-04 4.958e-06 True False
#TC  62 6.149e-04 3.660e-06 True False
#TC  64 6.149e-04 2.705e-06 True False

## y=1000 primes=87 mu=6.0005 E_int f=6.0005 avoid_int=1.3250e-03 avoid_CRT=1.3270e-03 max f=22
# j  S_j/N   e_j   ratio  aboveN_share(e_j)  termwise_bound/(N e_j)   Bonf_int(j even)  Bonf_CRT
  0 1.0000e+00 1.0000e+00 1.0000 0.000 1.00e-08 +1.0000e+00 +1.0000e+00
  1 6.0005e+00 6.0005e+00 1.0000 0.000 2.39e-06
  2 1.7500e+01 1.7500e+01 1.0000 0.000 5.75e-04 +1.2499e+01 +1.2499e+01
  3 3.3080e+01 3.3080e+01 1.0000 0.034 1.39e-01
  4 4.5604e+01 4.5603e+01 1.0000 0.515 3.40e+01 +2.5023e+01 +2.5023e+01
  5 4.8915e+01 4.8913e+01 1.0000 0.918 8.35e+03
  6 4.2528e+01 4.2523e+01 1.0001 0.997 2.06e+06 +1.8636e+01 +1.8633e+01
  7 3.0829e+01 3.0825e+01 1.0001 1.000 5.14e+08
  8 1.9023e+01 1.9020e+01 1.0002 1.000 1.29e+11 +6.8305e+00 +6.8293e+00
  9 1.0152e+01 1.0150e+01 1.0002 1.000 3.25e+13
 10 4.7453e+00 4.7431e+00 1.0005 1.000 8.24e+15 +1.4235e+00 +1.4224e+00
 11 1.9630e+00 1.9606e+00 1.0012 1.000 2.10e+18
 12 7.2502e-01 7.2284e-01 1.0030 1.000 5.39e+20 +1.8557e-01 +1.8462e-01
 13 2.4088e-01 2.3937e-01 1.0063 1.000 1.39e+23
 14 7.2413e-02 7.1620e-02 1.0111 1.000 3.61e+25 +1.7103e-02 +1.6868e-02
 15 1.9756e-02 1.9460e-02 1.0152 1.000 9.43e+27
 16 4.8739e-03 4.8231e-03 1.0105 1.000 2.48e+30 +2.2207e-03 +2.2305e-03
 17 1.0700e-03 1.0946e-03 0.9776 1.000 6.53e+32
 18 2.0201e-04 2.2823e-04 0.8851 1.000 1.73e+35 +1.3527e-03 +1.3641e-03
 19 3.1020e-05 4.3855e-05 0.7073 1.000 4.62e+37
 20 3.5700e-06 7.7866e-06 0.4585 1.000 1.24e+40 +1.3253e-03 +1.3281e-03
 21 2.7000e-07 1.2805e-06 0.2109 1.000 3.34e+42
 22 1.0000e-08 1.9547e-07 0.0512 1.000 9.04e+44 +1.3250e-03 +1.3270e-03
 23 0.0000e+00 2.7748e-08 0.0000 1.000 2.46e+47
 24 0.0000e+00 3.6698e-09 0.0000 1.000 6.73e+49 +1.3250e-03 +1.3270e-03
 25 0.0000e+00 4.5286e-10 0.0000 1.000 1.85e+52
 26 0.0000e+00 5.2217e-11 0.0000 1.000 5.11e+54 +1.3250e-03 +1.3270e-03
 27 0.0000e+00 5.6332e-12 0.0000 1.000 1.42e+57
 28 0.0000e+00 5.6924e-13 0.0000 1.000 3.95e+59 +1.3250e-03 +1.3270e-03
 29 0.0000e+00 5.3937e-14 0.0000 1.000 1.11e+62
 30 0.0000e+00 4.7967e-15 0.0000 1.000 3.12e+64 +1.3250e-03 +1.3270e-03
 31 0.0000e+00 4.0072e-16 0.0000 1.000 8.81e+66
 32 0.0000e+00 3.1472e-17 0.0000 1.000 2.50e+69 +1.3250e-03 +1.3270e-03
 33 0.0000e+00 2.3253e-18 0.0000 1.000 7.15e+71
 34 0.0000e+00 1.6173e-19 0.0000 1.000 2.05e+74 +1.3250e-03 +1.3270e-03
 35 0.0000e+00 1.0594e-20 0.0000 1.000 5.90e+76
 36 0.0000e+00 6.5399e-22 0.0000 1.000 1.71e+79 +1.3250e-03 +1.3270e-03
 37 0.0000e+00 3.8059e-23 0.0000 1.000 4.97e+81
 38 0.0000e+00 2.0887e-24 0.0000 1.000 1.45e+84 +1.3250e-03 +1.3270e-03
 39 0.0000e+00 1.0814e-25 0.0000 1.000 4.26e+86
 40 0.0000e+00 5.2833e-27 0.0000 1.000 1.25e+89 +1.3250e-03 +1.3270e-03
 41 0.0000e+00 2.4361e-28 0.0000 1.000 3.71e+91
 42 0.0000e+00 1.0603e-29 0.0000 1.000 1.10e+94 +1.3250e-03 +1.3270e-03
 43 0.0000e+00 4.3569e-31 0.0000 1.000 3.30e+96
 44 0.0000e+00 1.6902e-32 0.0000 1.000 9.89e+98 +1.3250e-03 +1.3270e-03
 45 0.0000e+00 6.1903e-34 0.0000 1.000 2.98e+101
 46 0.0000e+00 2.1404e-35 0.0000 1.000 9.01e+103 +1.3250e-03 +1.3270e-03
 47 0.0000e+00 6.9862e-37 0.0000 1.000 2.74e+106
 48 0.0000e+00 2.1522e-38 0.0000 1.000 8.36e+108 +1.3250e-03 +1.3270e-03
 49 0.0000e+00 6.2565e-40 0.0000 1.000 2.56e+111
 50 0.0000e+00 1.7159e-41 0.0000 1.000 7.88e+113 +1.3250e-03 +1.3270e-03
 51 0.0000e+00 4.4384e-43 0.0000 1.000 2.44e+116
 52 0.0000e+00 1.0824e-44 0.0000 1.000 7.56e+118 +1.3250e-03 +1.3270e-03
 53 0.0000e+00 2.4876e-46 0.0000 1.000 2.36e+121
 54 0.0000e+00 5.3853e-48 0.0000 1.000 7.37e+123 +1.3250e-03 +1.3270e-03
 55 0.0000e+00 1.0976e-49 0.0000 1.000 2.32e+126
 56 0.0000e+00 2.1047e-51 0.0000 1.000 7.31e+128 +1.3250e-03 +1.3270e-03
 57 0.0000e+00 3.7946e-53 0.0000 1.000 2.31e+131
 58 0.0000e+00 6.4278e-55 0.0000 1.000 7.36e+133 +1.3250e-03 +1.3270e-03
 59 0.0000e+00 1.0221e-56 0.0000 1.000 2.35e+136
 60 0.0000e+00 1.5242e-58 0.0000 1.000 7.54e+138 +1.3250e-03 +1.3270e-03
 61 0.0000e+00 2.1294e-60 0.0000 1.000 2.43e+141
 62 0.0000e+00 2.7840e-62 0.0000 1.000 7.84e+143 +1.3250e-03 +1.3270e-03
 63 0.0000e+00 3.4017e-64 0.0000 1.000 2.54e+146
 64 0.0000e+00 3.8791e-66 0.0000 1.000 8.28e+148 +1.3250e-03 +1.3270e-03
# TC check: K  eta(K)=max_{j<=K}|S_j/N-e_j|  eta_K=exp(-K/e^2)/K  mu<=K/e^2?  TC(N;K,y,eta_K) holds?
#TC   2 1.948e-06 3.814e-01 False True
#TC   4 6.719e-04 1.455e-01 False True
#TC   6 4.095e-03 7.399e-02 False True
#TC   8 4.238e-03 4.234e-02 False True
#TC  10 4.238e-03 2.584e-02 False True
#TC  12 4.238e-03 1.643e-02 False True
#TC  14 4.238e-03 1.074e-02 False True
#TC  16 4.238e-03 7.169e-03 False True
#TC  18 4.238e-03 4.862e-03 False True
#TC  20 4.238e-03 3.338e-03 False False
#TC  22 4.238e-03 2.315e-03 False False
#TC  24 4.238e-03 1.619e-03 False False
#TC  26 4.238e-03 1.140e-03 False False
#TC  28 4.238e-03 8.075e-04 False False
#TC  30 4.238e-03 5.749e-04 False False
#TC  32 4.238e-03 4.112e-04 False False
#TC  34 4.238e-03 2.952e-04 False False
#TC  36 4.238e-03 2.127e-04 False False
#TC  38 4.238e-03 1.537e-04 False False
#TC  40 4.238e-03 1.114e-04 False False
#TC  42 4.238e-03 8.094e-05 False False
#TC  44 4.238e-03 5.894e-05 False False
#TC  46 4.238e-03 4.301e-05 True False
#TC  48 4.238e-03 3.144e-05 True False
#TC  50 4.238e-03 2.303e-05 True False
#TC  52 4.238e-03 1.689e-05 True False
#TC  54 4.238e-03 1.241e-05 True False
#TC  56 4.238e-03 9.128e-06 True False
#TC  58 4.238e-03 6.724e-06 True False
#TC  60 4.238e-03 4.958e-06 True False
#TC  62 4.238e-03 3.660e-06 True False
#TC  64 4.238e-03 2.705e-06 True False

## y=3000 primes=218 mu=8.0087 E_int f=8.0087 avoid_int=1.7060e-04 avoid_CRT=1.7319e-04 max f=26
# j  S_j/N   e_j   ratio  aboveN_share(e_j)  termwise_bound/(N e_j)   Bonf_int(j even)  Bonf_CRT
  0 1.0000e+00 1.0000e+00 1.0000 0.000 1.00e-08 +1.0000e+00 +1.0000e+00
  1 8.0087e+00 8.0087e+00 1.0000 0.000 6.39e-06
  2 3.1539e+01 3.1539e+01 1.0000 0.000 4.11e-03 +2.4530e+01 +2.4530e+01
  3 8.1453e+01 8.1452e+01 1.0000 0.238 2.67e+00
  4 1.5524e+02 1.5524e+02 1.0000 0.785 1.74e+03 +9.8318e+01 +9.8313e+01
  5 2.3296e+02 2.3293e+02 1.0001 0.980 1.15e+06
  6 2.8677e+02 2.8672e+02 1.0002 1.000 7.62e+08 +1.5213e+02 +1.5210e+02
  7 2.9793e+02 2.9783e+02 1.0003 1.000 5.09e+11
  8 2.6672e+02 2.6658e+02 1.0006 1.000 3.43e+14 +1.2093e+02 +1.2084e+02
  9 2.0911e+02 2.0889e+02 1.0010 1.000 2.32e+17
 10 1.4541e+02 1.4513e+02 1.0020 1.000 1.58e+20 +5.7236e+01 +5.7076e+01
 11 9.0665e+01 9.0311e+01 1.0039 1.000 1.08e+23
 12 5.1165e+01 5.0763e+01 1.0079 1.000 7.48e+25 +1.7736e+01 +1.7528e+01
 13 2.6358e+01 2.5959e+01 1.0154 1.000 5.19e+28
 14 1.2490e+01 1.2150e+01 1.0281 1.000 3.62e+31 +3.8684e+00 +3.7194e+00
 15 5.4761e+00 5.2321e+00 1.0466 1.000 2.54e+34
 16 2.2259e+00 2.0826e+00 1.0688 1.000 1.79e+37 +6.1823e-01 +5.6997e-01
 17 8.3574e-01 7.6931e-01 1.0864 1.000 1.27e+40
 18 2.8674e-01 2.6468e-01 1.0834 1.000 9.05e+42 +6.9223e-02 +6.5339e-02
 19 8.8313e-02 8.5083e-02 1.0380 1.000 6.49e+45
 20 2.3844e-02 2.5628e-02 0.9304 1.000 4.67e+48 +4.7548e-03 +5.8848e-03
 21 5.4818e-03 7.2524e-03 0.7559 1.000 3.38e+51
 22 1.0355e-03 1.9326e-03 0.5358 1.000 2.45e+54 +3.0848e-04 +5.6505e-04
 23 1.5338e-04 4.8602e-04 0.3156 1.000 1.79e+57
 24 1.6630e-05 1.1557e-04 0.1439 1.000 1.31e+60 +1.7173e-04 +1.9461e-04
 25 1.1700e-06 2.6034e-05 0.0449 1.000 9.68e+62
 26 4.0000e-08 5.5644e-06 0.0072 1.000 7.16e+65 +1.7060e-04 +1.7414e-04
 27 0.0000e+00 1.1303e-06 0.0000 1.000 5.32e+68
 28 0.0000e+00 2.1850e-07 0.0000 1.000 3.96e+71 +1.7060e-04 +1.7323e-04
 29 0.0000e+00 4.0252e-08 0.0000 1.000 2.97e+74
 30 0.0000e+00 7.0753e-09 0.0000 1.000 2.23e+77 +1.7060e-04 +1.7319e-04
 31 0.0000e+00 1.1880e-09 0.0000 1.000 1.68e+80
 32 0.0000e+00 1.9077e-10 0.0000 1.000 1.28e+83 +1.7060e-04 +1.7319e-04
 33 0.0000e+00 2.9325e-11 0.0000 1.000 9.70e+85
 34 0.0000e+00 4.3193e-12 0.0000 1.000 7.40e+88 +1.7060e-04 +1.7319e-04
 35 0.0000e+00 6.1016e-13 0.0000 1.000 5.67e+91
 36 0.0000e+00 8.2735e-14 0.0000 1.000 4.36e+94 +1.7060e-04 +1.7319e-04
 37 0.0000e+00 1.0777e-14 0.0000 1.000 3.36e+97
 38 0.0000e+00 1.3497e-15 0.0000 1.000 2.60e+100 +1.7060e-04 +1.7319e-04
 39 0.0000e+00 1.6261e-16 0.0000 1.000 2.02e+103
 40 0.0000e+00 1.8862e-17 0.0000 1.000 1.57e+106 +1.7060e-04 +1.7319e-04
 41 0.0000e+00 2.1078e-18 0.0000 1.000 1.23e+109
 42 0.0000e+00 2.2705e-19 0.0000 1.000 9.63e+111 +1.7060e-04 +1.7319e-04
 43 0.0000e+00 2.3590e-20 0.0000 1.000 7.57e+114
 44 0.0000e+00 2.3653e-21 0.0000 1.000 5.97e+117 +1.7060e-04 +1.7319e-04
 45 0.0000e+00 2.2900e-22 0.0000 1.000 4.72e+120
 46 0.0000e+00 2.1419e-23 0.0000 1.000 3.75e+123 +1.7060e-04 +1.7319e-04
 47 0.0000e+00 1.9363e-24 0.0000 1.000 2.98e+126
 48 0.0000e+00 1.6926e-25 0.0000 1.000 2.38e+129 +1.7060e-04 +1.7319e-04
 49 0.0000e+00 1.4314e-26 0.0000 1.000 1.91e+132
 50 0.0000e+00 1.1716e-27 0.0000 1.000 1.53e+135 +1.7060e-04 +1.7319e-04
 51 0.0000e+00 9.2839e-29 0.0000 1.000 1.23e+138
 52 0.0000e+00 7.1258e-30 0.0000 1.000 9.94e+140 +1.7060e-04 +1.7319e-04
 53 0.0000e+00 5.2995e-31 0.0000 1.000 8.05e+143
 54 0.0000e+00 3.8202e-32 0.0000 1.000 6.53e+146 +1.7060e-04 +1.7319e-04
 55 0.0000e+00 2.6702e-33 0.0000 1.000 5.31e+149
 56 0.0000e+00 1.8102e-34 0.0000 1.000 4.33e+152 +1.7060e-04 +1.7319e-04
 57 0.0000e+00 1.1907e-35 0.0000 1.000 3.55e+155
 58 0.0000e+00 7.6013e-37 0.0000 1.000 2.91e+158 +1.7060e-04 +1.7319e-04
 59 0.0000e+00 4.7109e-38 0.0000 1.000 2.39e+161
 60 0.0000e+00 2.8351e-39 0.0000 1.000 1.97e+164 +1.7060e-04 +1.7319e-04
 61 0.0000e+00 1.6573e-40 0.0000 1.000 1.63e+167
 62 0.0000e+00 9.4129e-42 0.0000 1.000 1.35e+170 +1.7060e-04 +1.7319e-04
 63 0.0000e+00 5.1955e-43 0.0000 1.000 1.12e+173
 64 0.0000e+00 2.7875e-44 0.0000 1.000 9.30e+175 +1.7060e-04 +1.7319e-04
# TC check: K  eta(K)=max_{j<=K}|S_j/N-e_j|  eta_K=exp(-K/e^2)/K  mu<=K/e^2?  TC(N;K,y,eta_K) holds?
#TC   2 3.945e-07 3.814e-01 False True
#TC   4 5.692e-03 1.455e-01 False True
#TC   6 5.113e-02 7.399e-02 False True
#TC   8 1.490e-01 4.234e-02 False False
#TC  10 2.836e-01 2.584e-02 False False
#TC  12 4.015e-01 1.643e-02 False False
#TC  14 4.015e-01 1.074e-02 False False
#TC  16 4.015e-01 7.169e-03 False False
#TC  18 4.015e-01 4.862e-03 False False
#TC  20 4.015e-01 3.338e-03 False False
#TC  22 4.015e-01 2.315e-03 False False
#TC  24 4.015e-01 1.619e-03 False False
#TC  26 4.015e-01 1.140e-03 False False
#TC  28 4.015e-01 8.075e-04 False False
#TC  30 4.015e-01 5.749e-04 False False
#TC  32 4.015e-01 4.112e-04 False False
#TC  34 4.015e-01 2.952e-04 False False
#TC  36 4.015e-01 2.127e-04 False False
#TC  38 4.015e-01 1.537e-04 False False
#TC  40 4.015e-01 1.114e-04 False False
#TC  42 4.015e-01 8.094e-05 False False
#TC  44 4.015e-01 5.894e-05 False False
#TC  46 4.015e-01 4.301e-05 False False
#TC  48 4.015e-01 3.144e-05 False False
#TC  50 4.015e-01 2.303e-05 False False
#TC  52 4.015e-01 1.689e-05 False False
#TC  54 4.015e-01 1.241e-05 False False
#TC  56 4.015e-01 9.128e-06 False False
#TC  58 4.015e-01 6.724e-06 False False
#TC  60 4.015e-01 4.958e-06 True False
#TC  62 4.015e-01 3.660e-06 True False
#TC  64 4.015e-01 2.705e-06 True False
