N=3000 offset=0 mode=all m=12 #n=3000 primes=[3, 7, 11, 19, 23, 31, 43, 47, 59, 67, 71, 79]
p_crt  = [0.3333, 0.4286, 0.2727, 0.1579, 0.3913, 0.1613, 0.0698, 0.2766, 0.1525, 0.0448, 0.2113, 0.1646]
p_int  = [0.3333, 0.4283, 0.2727, 0.1577, 0.3907, 0.1607, 0.0693, 0.2757, 0.1517, 0.0443, 0.21, 0.1643]
void: int 0.05100  crt 0.04276  prodI 0.04308
Q        #mono  sav_int  sav_crt  sav_prodI
N^0.5        11   0.9650   0.9651   0.9647
N^0.75       35   1.3496   1.3472   1.3467
N^1.0        96   1.6713   1.6675   1.6664
N^1.25      208   2.0006   2.0082   2.0061
N^1.5       410   2.3059   2.3240   2.3211
N^2.0      1110   2.8079   2.6750   2.6707
N^3.0      3108   2.9759   3.1330   3.1258
inf        4096   2.9759   3.1523   3.1446
N=3000 offset=1000000007 mode=all m=12 #n=3000 primes=[3, 7, 11, 19, 23, 31, 43, 47, 59, 67, 71, 79]
p_crt  = [0.3333, 0.4286, 0.2727, 0.1579, 0.3913, 0.1613, 0.0698, 0.2766, 0.1525, 0.0448, 0.2113, 0.1646]
p_int  = [0.3333, 0.4283, 0.273, 0.158, 0.391, 0.1613, 0.0693, 0.2763, 0.1527, 0.045, 0.2103, 0.1643]
void: int 0.04167  crt 0.04276  prodI 0.04285
Q        #mono  sav_int  sav_crt  sav_prodI
N^0.5        11   0.9650   0.9651   0.9647
N^0.75       35   1.3496   1.3472   1.3471
N^1.0        96   1.6690   1.6675   1.6673
N^1.25      208   2.0159   2.0082   2.0076
N^1.5       410   2.3434   2.3240   2.3229
N^2.0      1110   2.9158   2.6750   2.6737
N^3.0      3108   3.1781   3.1330   3.1308
inf        4096   3.1781   3.1523   3.1500
N=3000 offset=5000000000 mode=all m=12 #n=3000 primes=[3, 7, 11, 19, 23, 31, 43, 47, 59, 67, 71, 79]
p_crt  = [0.3333, 0.4286, 0.2727, 0.1579, 0.3913, 0.1613, 0.0698, 0.2766, 0.1525, 0.0448, 0.2113, 0.1646]
p_int  = [0.3333, 0.429, 0.273, 0.1577, 0.3913, 0.1613, 0.0697, 0.2767, 0.1527, 0.045, 0.2107, 0.1647]
void: int 0.03800  crt 0.04276  prodI 0.04273
Q        #mono  sav_int  sav_crt  sav_prodI
N^0.5        11   0.9658   0.9651   0.9658
N^0.75       35   1.3484   1.3472   1.3480
N^1.0        96   1.6642   1.6675   1.6680
N^1.25      208   2.0153   2.0082   2.0088
N^1.5       410   2.3457   2.3240   2.3246
N^2.0      1110   3.0148   2.6750   2.6757
N^3.0      3108   3.2702   3.1330   3.1337
inf        4096   3.2702   3.1523   3.1530
N=3000 offset=0 mode=prime m=12 #n=408 primes=[3, 7, 11, 19, 23, 31, 43, 47, 59, 67, 71, 79]
p_crt  = [0.5, 0.5, 0.3, 0.1667, 0.4091, 0.1667, 0.0714, 0.2826, 0.1552, 0.0455, 0.2143, 0.1667]
p_int  = [0.5172, 0.5074, 0.3064, 0.1642, 0.4142, 0.1642, 0.076, 0.2868, 0.1593, 0.0466, 0.2083, 0.1544]
void: int 0.02451  crt 0.02526  prodI 0.02387
Q        #mono  sav_int  sav_crt  sav_prodI
N^0.5        11   1.4574   1.3863   1.4360
N^0.75       35   1.8216   1.7430   1.8018
N^1.0        96   2.1826   2.0118   2.0628
N^1.25      208   2.7341   2.4521   2.5104
N^1.5       410   3.1781   2.7707   2.8235
N^2.0      1110   3.7087   3.1323   3.1852
inf        4096   3.7087   3.6786   3.7349
N=3000 offset=1000000 mode=prime m=12 #n=233 primes=[3, 7, 11, 19, 23, 31, 43, 47, 59, 67, 71, 79]
p_crt  = [0.5, 0.5, 0.3, 0.1667, 0.4091, 0.1667, 0.0714, 0.2826, 0.1552, 0.0455, 0.2143, 0.1667]
p_int  = [0.485, 0.4807, 0.2918, 0.1931, 0.4077, 0.1674, 0.0386, 0.3047, 0.133, 0.0601, 0.2361, 0.1674]
void: int 0.01288  crt 0.02526  prodI 0.02611
Q        #mono  sav_int  sav_crt  sav_prodI
N^0.5        11   1.3567   1.3863   1.3188
N^0.75       35   1.7622   1.7430   1.6639
N^1.0        96   2.1929   2.0118   1.9607
N^1.25      208   2.8120   2.4521   2.3875
N^1.5       410   4.0647   2.7707   2.7159
N^2.0      1110   4.3524   3.1323   3.0913
inf        4096   4.3524   3.6786   3.6455
N=3000 offset=2000000 mode=prime m=12 #n=206 primes=[3, 7, 11, 19, 23, 31, 43, 47, 59, 67, 71, 79]
p_crt  = [0.5, 0.5, 0.3, 0.1667, 0.4091, 0.1667, 0.0714, 0.2826, 0.1552, 0.0455, 0.2143, 0.1667]
p_int  = [0.5049, 0.4757, 0.3204, 0.1456, 0.4175, 0.1845, 0.0631, 0.3204, 0.1408, 0.0825, 0.2233, 0.1796]
void: int 0.01942  crt 0.02526  prodI 0.02290
Q        #mono  sav_int  sav_crt  sav_prodI
N^0.5        11   1.3576   1.3863   1.3486
N^0.75       35   1.7725   1.7430   1.7349
N^1.0        96   2.1498   2.0118   2.0148
N^1.25      208   2.7629   2.4521   2.4386
N^1.5       410   3.3820   2.7707   2.7643
N^2.0      1110   3.9416   3.1323   3.1887
inf        4096   3.9416   3.6786   3.7765
