classes -4D mod l distinct, nonzero, count=(tau(A^2)+1)/2: OK (first 400 l)
 T        L=logT   S1(T)    S1/L^2   (D)-ratio sum_{p<=T,3(4)}tau/(pi(T) L^2)  dyadic (T/2,T] ratio
 1e+03       6.91     2.437  0.0511   0.1885   0.2213
 3e+03       8.01     3.325  0.0519   0.1974   0.2396
 1e+04       9.21     4.272  0.0504   0.1980   0.2308
 3e+04      10.31     5.325  0.0501   0.2041   0.2336
 1e+05      11.51     6.479  0.0489   0.2071   0.2358
 3e+05      12.61     7.694  0.0484   0.2107   0.2378
 1e+06      13.82     9.185  0.0481   0.2118   0.2363
 3e+06      14.91    10.597  0.0476   0.2134   0.2361
 1e+07      16.12    12.284  0.0473   0.2148   0.2358
 3e+07      17.22    13.915  0.0469   0.2157   0.2348
 1e+08      18.42    15.877  0.0468   0.2170   0.2351
