T=100000000000 y=933 q=937*941=881717 m>1 atoms=271490 corner atoms=166698 classes=151929 HCAP=2048
 X    max_tot(h>X)  max_K(h>X)   X^-1/4
    1      0.45821      0.01129    1.0000
    2      0.30371      0.01129    0.8409
    4      0.30371      0.01129    0.7071
    8      0.19204      0.01129    0.5946
   16      0.09159      0.01129    0.5000
   32      0.05081      0.00956    0.4204
   64      0.03147      0.00956    0.3536
  128      0.02286      0.00956    0.2973
  256      0.01301      0.00857    0.2500
  512      0.00829      0.00796    0.2102
 1024      0.00829      0.00796    0.1768
heaviest corner sums: (kappa, height, K, tot)
     363060  h=    17  0.01129  0.05336
         17  h=    17  0.01129  0.05336
       1952  h=   244  0.00956  0.01429
     189262  h=   244  0.00956  0.01429
      16184  h=   238  0.00884  0.01336
     367146  h=   238  0.00884  0.01336
