n=40 p=1/20 P=2  log(1/EF)=2.0517
   k   saving(G)    EB/EF
    0    -0.0000     0.0000
    1     0.0513     0.0000
    2     1.1499     0.0000
    3     1.1986     0.0584
    4     1.7081     0.1668
    5     1.7506     0.8639
    6     2.0160     0.8869
    7     2.0228     0.9919
    8     2.0502     0.9936
    9     2.0506     0.9997
   10     2.0517     0.9998
   11     2.0517     1.0000
   12     2.0517     1.0000
   13     2.0517     1.0000
   14     2.0517     1.0000
   15     2.0517     1.0000
   16     2.0517     1.0000
   17     2.0517     1.0000
   18     2.0517     1.0000
   19     2.0517     1.0000
   20     2.0517     1.0000
   21     2.0517     1.0000
   22     2.0517     1.0000
   23     2.0517     1.0000
   24     2.0517     1.0000
n=40 p=1/10 P=4  log(1/EF)=4.2144
   k   saving(G)    EB/EF
    0    -0.0000     0.0000
    1     0.1054     0.0000
    2     1.7148     0.0000
    3     1.8146     0.0000
    4     2.7905     0.0000
    5     2.8420     0.0000
    6     3.4825     0.0000
    7     3.5197     0.2397
    8     3.8684     0.3205
    9     3.9134     0.8192
   10     4.1497     0.8515
   11     4.1620     0.9784
   12     4.2085     0.9836
   13     4.2101     0.9985
   14     4.2141     0.9990
   15     4.2142     0.9999
   16     4.2144     1.0000
   17     4.2144     1.0000
   18     4.2144     1.0000
   19     4.2144     1.0000
   20     4.2144     1.0000
   21     4.2144     1.0000
   22     4.2144     1.0000
   23     4.2144     1.0000
   24     4.2144     1.0000
n=40 p=3/20 P=6  log(1/EF)=6.5008
   k   saving(G)    EB/EF
    0    -0.0000     0.0000
    1     0.1625     0.0000
    2     2.1084     0.0000
    3     2.2622     0.0000
    4     3.5206     0.0000
    5     3.6561     0.0000
    6     4.5670     0.0000
    7     4.6665     0.0000
    8     5.2388     0.0000
    9     5.3493     0.0000
   10     5.7676     0.0000
   11     5.8132     0.1952
   12     6.1335     0.3395
   13     6.1936     0.7891
   14     6.4150     0.8302
   15     6.4382     0.9688
   16     6.4912     0.9785
   17     6.4949     0.9976
   18     6.5002     0.9985
   19     6.5004     0.9999
   20     6.5007     0.9999
   21     6.5007     1.0000
   22     6.5008     1.0000
   23     6.5008     1.0000
   24     6.5008     1.0000
n=40 p=1/5 P=8  log(1/EF)=8.9257
   k   saving(G)    EB/EF
    0    -0.0000     0.0000
    1     0.2231     0.0000
    2     2.4204     0.0000
    3     2.6311     0.0000
    4     4.1548     0.0000
    5     4.3301     0.0000
    6     5.4115     0.0000
    7     5.5402     0.0000
    8     6.4119     0.0000
    9     6.5461     0.0000
   10     7.2292     0.0000
   11     7.3072     0.0000
   12     7.8617     0.0000
   13     7.9478     0.0000
   14     8.2245     0.0000
   15     8.2629     0.2170
   16     8.5313     0.3282
   17     8.6251     0.7750
   18     8.8384     0.8449
   19     8.8636     0.9649
   20     8.9149     0.9786
   21     8.9201     0.9973
   22     8.9251     0.9985
   23     8.9254     0.9998
   24     8.9257     0.9999
