l, |F_l^full|, g=|F|/(l-1), |F|/(log l)^2
107 17 0.1604 0.779
127 21 0.1667 0.895
131 21 0.1615 0.884
137 20 0.1471 0.826
149 20 0.1351 0.799
163 25 0.1543 0.964
331 47 0.1424 1.396
347 33 0.0954 0.965
367 49 0.1339 1.405
389 34 0.0876 0.956
409 18 0.0441 0.498
439 59 0.1347 1.594
1031 71 0.0689 1.475
1049 42 0.0401 0.868
1117 80 0.0717 1.624
1123 63 0.0561 1.277
1181 58 0.0492 1.159
1249 22 0.0176 0.433
3011 107 0.0355 1.668
3251 93 0.0286 1.422
3389 82 0.0242 1.241
3511 111 0.0316 1.666
3571 93 0.0261 1.39
3739 153 0.0409 2.261
10037 108 0.0108 1.272
10061 172 0.0171 2.025
10091 111 0.011 1.306
10771 157 0.0146 1.821
11329 74 0.0065 0.849
11351 167 0.0147 1.916
31567 195 0.0062 1.817
34381 136 0.004 1.247
35279 521 0.0148 4.752
37013 180 0.0049 1.627
39989 158 0.004 1.407
40111 211 0.0053 1.878
