# rows with m <= 24 are pinned at the grid start N = 16 (L = 2.773): artefacts, not used (R102A/B repair)
   6 0.333   2.773   2.773   2.773  1.526
   8 0.500   2.773   2.773   3.388  1.386
  10 0.400   2.773   2.773   2.944  1.287
  12 0.333   2.773   2.773   2.944  1.211
  16 0.500   2.944   3.388   3.878  1.344
  20 0.400   2.773   2.773   2.944  1.021
  24 0.333   2.944   3.175   6.114  1.101
  30 0.267   3.638   5.653   6.330  1.819
  36 0.333   4.256   5.839   7.434  1.768
  48 0.333   3.921   6.685   8.421  1.839
  60 0.267   5.682   7.636   9.407  1.950
  64 0.500   5.811   7.718   9.205  1.930
  72 0.333   6.479   8.254   9.973  1.984
  90 0.267   5.682   8.580  10.305  1.915
 100 0.400   7.261   9.207  10.725  1.983
 101 0.990   5.289   7.586   9.726  1.629
 120 0.267   6.449   9.765  11.902  1.980
 127 0.992   5.866   8.842  11.048  1.759
 128 0.500   7.155   9.645  11.422  1.914
 150 0.267   7.933  10.537  12.604  1.983
 180 0.267   8.311  10.911  13.163  1.932
 199 0.995   8.307  10.384  12.629  1.779
 200 0.400   8.569  11.209  13.402  1.917
 210 0.229   9.094  11.887  13.976  2.000
 240 0.267   9.893  12.498  14.884  2.011
 256 0.500   9.836  12.217  14.710  1.924
 300 0.267  10.483  13.058  15.816  1.951
