   8   6   4.159  2.079     7 1.0000 0.8571 1.0000
   8   7   4.852  2.426    13 1.0000 0.8462 1.0000
   8   8   5.545  2.773    23 0.9130 0.9130 0.9130
   8   9   6.238  3.119    43 1.0000 0.9767 1.0000
   8  10   6.931  3.466    75 1.0000 0.9867 1.0000
   8  11   7.625  3.812   137 1.0000 0.9781 1.0000
   8  12   8.318  4.159   255 1.0000 0.9804 1.0000
   8  13   9.011  4.505   464 1.0000 0.9978 1.0000
   8  14   9.704  4.852   872 1.0000 1.0000 1.0000
   8  15  10.397  5.199   806 1.0000 1.0000 1.0000
   8  16  11.090  5.545   758 1.0000 1.0000 1.0000
   8  17  11.784  5.892   635 1.0000 1.0000 1.0000
   8  18  12.477  6.238   633 1.0000 1.0000 1.0000
   8  19  13.170  6.585   618 1.0000 1.0000 1.0000
   8  20  13.863  6.931   614 1.0000 1.0000 1.0000
   8  21  14.556  7.278   614 1.0000 1.0000 1.0000
   8  22  15.249  7.625   613 1.0000 1.0000 1.0000
  16   6   4.159  1.650     7 0.8571 0.4286 0.8571
  16   7   4.852  1.926    13 0.7692 0.2308 0.7692
  16   8   5.545  2.201    23 0.8261 0.3913 0.8261
  16   9   6.238  2.476    43 0.9535 0.7442 0.9302
  16  10   6.931  2.751    75 0.9467 0.7600 0.9333
  16  11   7.625  3.026   137 0.9854 0.8029 0.9854
  16  12   8.318  3.301   255 0.9804 0.8706 0.9765
  16  13   9.011  3.576   464 0.9914 0.8922 0.9914
  16  14   9.704  3.851   872 0.9989 0.9530 0.9966
  16  15  10.397  4.126   806 1.0000 0.9764 1.0000
  16  16  11.090  4.401   758 0.9987 0.9868 0.9987
  16  17  11.784  4.676   635 1.0000 0.9874 1.0000
  16  18  12.477  4.951   633 1.0000 0.9953 1.0000
  16  19  13.170  5.226   618 1.0000 1.0000 1.0000
  16  20  13.863  5.502   614 1.0000 1.0000 1.0000
  16  21  14.556  5.777   614 1.0000 1.0000 1.0000
  16  22  15.249  6.052   613 1.0000 1.0000 1.0000
  32   6   4.159  1.310     7 0.4286 0.1429 0.4286
  32   7   4.852  1.528    13 0.3846 0.0769 0.3846
  32   8   5.545  1.747    23 0.4783 0.1739 0.4783
  32   9   6.238  1.965    43 0.6977 0.3023 0.6977
  32  10   6.931  2.183    75 0.7600 0.4133 0.7600
  32  11   7.625  2.402   137 0.8394 0.4015 0.8248
  32  12   8.318  2.620   255 0.8784 0.5137 0.8627
  32  13   9.011  2.838   464 0.9461 0.6207 0.9224
  32  14   9.704  3.057   872 0.9748 0.7030 0.9622
  32  15  10.397  3.275   806 0.9839 0.7916 0.9752
  32  16  11.090  3.493   758 0.9934 0.8430 0.9894
  32  17  11.784  3.712   635 0.9984 0.8945 0.9937
  32  18  12.477  3.930   633 1.0000 0.9321 0.9984
  32  19  13.170  4.148   618 1.0000 0.9450 1.0000
  32  20  13.863  4.367   614 1.0000 0.9674 1.0000
  32  21  14.556  4.585   614 1.0000 0.9805 1.0000
  32  22  15.249  4.803   613 1.0000 0.9967 1.0000
  64   6   4.159  1.040     7 0.1429 0.0000 0.1429
  64   7   4.852  1.213    13 0.0769 0.0769 0.0769
  64   8   5.545  1.386    23 0.2174 0.0870 0.2174
  64   9   6.238  1.560    43 0.3488 0.1163 0.3488
  64  10   6.931  1.733    75 0.4000 0.0933 0.3867
  64  11   7.625  1.906   137 0.4818 0.1679 0.4818
  64  12   8.318  2.079   255 0.6078 0.2353 0.5765
  64  13   9.011  2.253   464 0.7392 0.2974 0.7026
  64  14   9.704  2.426   872 0.7936 0.3567 0.7557
  64  15  10.397  2.599   806 0.8685 0.4342 0.8400
  64  16  11.090  2.773   758 0.9195 0.5053 0.8971
  64  17  11.784  2.946   635 0.9559 0.6094 0.9433
  64  18  12.477  3.119   633 0.9874 0.6698 0.9779
  64  19  13.170  3.292   618 0.9854 0.7249 0.9806
  64  20  13.863  3.466   614 0.9919 0.7834 0.9853
  64  21  14.556  3.639   614 0.9919 0.8534 0.9886
  64  22  15.249  3.812   613 1.0000 0.8401 0.9984
 128   6   4.159  0.825     7 0.0000 0.0000 0.0000
 128   7   4.852  0.963    13 0.0769 0.0769 0.0769
 128   8   5.545  1.100    23 0.0870 0.0000 0.0870
 128   9   6.238  1.238    43 0.1860 0.0465 0.1860
 128  10   6.931  1.375    75 0.2400 0.0400 0.2400
 128  11   7.625  1.513   137 0.2993 0.0876 0.2920
 128  12   8.318  1.650   255 0.3529 0.1098 0.3412
 128  13   9.011  1.788   464 0.4246 0.0970 0.4181
 128  14   9.704  1.926   872 0.5080 0.1433 0.4828
 128  15  10.397  2.063   806 0.6203 0.1935 0.5844
 128  16  11.090  2.201   758 0.6689 0.2071 0.6438
 128  17  11.784  2.338   635 0.7417 0.2756 0.7087
 128  18  12.477  2.476   633 0.8420 0.3381 0.8009
 128  19  13.170  2.613   618 0.8544 0.4369 0.8155
 128  20  13.863  2.751   614 0.9283 0.5033 0.8860
 128  21  14.556  2.888   614 0.9283 0.5489 0.8990
 128  22  15.249  3.026   613 0.9706 0.5677 0.9494
 200   6   4.159  0.711     7 0.0000 0.0000 0.0000
 200   7   4.852  0.830    13 0.0000 0.0000 0.0000
 200   8   5.545  0.948    23 0.0870 0.0435 0.0870
 200   9   6.238  1.067    43 0.0698 0.0233 0.0698
 200  10   6.931  1.185    75 0.0800 0.0400 0.0800
 200  11   7.625  1.304   137 0.2117 0.0438 0.2117
 200  12   8.318  1.422   255 0.2314 0.0431 0.2235
 200  13   9.011  1.541   464 0.2565 0.0625 0.2522
 200  14   9.704  1.659   872 0.3440 0.0722 0.3314
 200  15  10.397  1.778   806 0.4045 0.1017 0.3896
 200  16  11.090  1.896   758 0.4868 0.1266 0.4657
 200  17  11.784  2.015   635 0.5764 0.1591 0.5543
 200  18  12.477  2.133   633 0.6635 0.1848 0.6319
 200  19  13.170  2.252   618 0.6893 0.2330 0.6602
 200  20  13.863  2.371   614 0.7541 0.2427 0.7248
 200  21  14.556  2.489   614 0.8176 0.3046 0.7899
 200  22  15.249  2.608   613 0.8515 0.3883 0.8108
