  61 0.984   4.331   6.397   7.940  1.625
  63 0.571   3.638   7.127   8.555  1.791
  75 0.533   3.638   7.555   9.190  1.791
  81 0.667   4.998   7.673   9.929  1.773
  99 0.606   4.673   8.220  10.317  1.777
 105 0.457   6.449   8.627  10.551  1.829
 135 0.533   7.372   9.377  11.649  1.828
 151 0.993   6.670   9.535  11.381  1.791
 165 0.485   7.860  10.121  12.065  1.845
 189 0.571   7.484  10.576  12.719  1.843
 225 0.533   9.305  11.692  13.963  1.922
 251 0.996   8.406  10.788  13.270  1.710
 255 0.502   8.263  11.492  14.282  1.812
 273 0.527   9.601  12.096  14.503  1.865
 293 0.997   9.381  11.936  13.986  1.797
 297 0.606   9.793  12.359  14.706  1.852
