  16   8   5.545  2.201    23 0.8261 0.3913 0.8261    1.261    5.652
  16   9   6.238  2.476    43 0.9535 0.7442 0.9302    2.093    8.186
  16  10   6.931  2.751    75 0.9467 0.7600 0.9333    2.093    8.667
  16  11   7.625  3.026   137 0.9854 0.8029 0.9854    3.599   14.073
  16  12   8.318  3.301   255 0.9804 0.8706 0.9765    4.745   18.851
  16  13   9.011  3.576   464 0.9914 0.8922 0.9914    5.886   24.144
  16  14   9.704  3.851   436 1.0000 0.9587 0.9954    8.096   31.326
  16  15  10.397  4.126   323 1.0000 0.9598 1.0000    9.437   35.607
  16  16  11.090  4.401   337 0.9970 0.9822 0.9970   13.092   50.810
  16  17  11.784  4.676   318 1.0000 0.9811 1.0000   13.654   54.349
  16  18  12.477  4.951   308 1.0000 0.9968 1.0000   15.471   63.484
  16  19  13.170  5.226   309 1.0000 1.0000 1.0000   19.505   76.864
  16  20  13.863  5.502   307 1.0000 1.0000 1.0000   24.847   96.866
  64   8   5.545  1.386    23 0.2174 0.0870 0.2174    0.130    0.478
  64   9   6.238  1.560    43 0.3488 0.1163 0.3488    0.256    1.116
  64  10   6.931  1.733    75 0.4000 0.0933 0.3867    0.147    1.013
  64  11   7.625  1.906   137 0.4818 0.1679 0.4818    0.431    2.007
  64  12   8.318  2.079   255 0.6078 0.2353 0.5765    0.608    2.616
  64  13   9.011  2.253   464 0.7392 0.2974 0.7026    0.897    4.101
  64  14   9.704  2.426   436 0.7959 0.3601 0.7569    1.206    5.202
  64  15  10.397  2.599   323 0.8885 0.4458 0.8545    1.759    7.006
  64  16  11.090  2.773   337 0.9258 0.5727 0.8961    2.448    9.715
  64  17  11.784  2.946   318 0.9497 0.5629 0.9371    2.311   10.016
  64  18  12.477  3.119   308 0.9740 0.6299 0.9578    3.000   12.997
  64  19  13.170  3.292   309 0.9903 0.7055 0.9838    3.424   14.699
  64  20  13.863  3.466   307 0.9837 0.7850 0.9707    4.290   17.020
 128   8   5.545  1.100    23 0.0870 0.0000 0.0870    0.000    0.087
 128   9   6.238  1.238    43 0.1860 0.0465 0.1860    0.070    0.488
 128  10   6.931  1.375    75 0.2400 0.0400 0.2400    0.067    0.480
 128  11   7.625  1.513   137 0.2993 0.0876 0.2920    0.175    0.854
 128  12   8.318  1.650   255 0.3529 0.1098 0.3412    0.227    1.090
 128  13   9.011  1.788   464 0.4246 0.0970 0.4181    0.321    1.761
 128  14   9.704  1.926   436 0.4977 0.1491 0.4771    0.427    2.117
 128  15  10.397  2.063   323 0.6316 0.1889 0.6006    0.731    3.443
 128  16  11.090  2.201   337 0.7122 0.2789 0.6706    0.988    3.973
 128  17  11.784  2.338   318 0.7484 0.2547 0.7170    0.934    4.575
 128  18  12.477  2.476   308 0.8442 0.3506 0.8182    1.484    6.474
 128  19  13.170  2.613   309 0.8544 0.4304 0.8220    1.421    6.502
 128  20  13.863  2.751   307 0.9153 0.5440 0.8632    1.625    7.270
 200   8   5.545  0.948    23 0.0870 0.0435 0.0870    0.043    0.130
 200   9   6.238  1.067    43 0.0698 0.0233 0.0698    0.023    0.116
 200  10   6.931  1.185    75 0.0800 0.0400 0.0800    0.053    0.213
 200  11   7.625  1.304   137 0.2117 0.0438 0.2117    0.102    0.482
 200  12   8.318  1.422   255 0.2314 0.0431 0.2235    0.106    0.675
 200  13   9.011  1.541   464 0.2565 0.0625 0.2522    0.157    0.862
 200  14   9.704  1.659   436 0.3372 0.0780 0.3211    0.179    1.071
 200  15  10.397  1.778   323 0.3870 0.0898 0.3591    0.133    0.947
 200  16  11.090  1.896   337 0.4896 0.1217 0.4748    0.323    1.938
 200  17  11.784  2.015   318 0.5566 0.1761 0.5314    0.711    3.440
 200  18  12.477  2.133   308 0.6201 0.1558 0.5974    0.451    2.578
 200  19  13.170  2.252   309 0.7087 0.2395 0.6796    0.586    3.159
 200  20  13.863  2.371   307 0.7394 0.2345 0.7101    0.713    4.134
