two-unit criterion cross-check mismatches: 0
representable vs naive mismatches (m<=15,n<300): 0
m=4: #exceptional n<= 1000000: 1  [1]
m=5: #exceptional n<= 1000000: 1  [1]
m=6: #exceptional n<= 1000000: 1  [1]
m=7: #exceptional n<= 1000000: 2  [1, 2]
m=8: #exceptional n<= 1000000: 7  [1, 2, 3, 11, 17, 131, 241]
m=9: #exceptional n<= 1000000: 5  [1, 2, 5, 11, 19]
m=10: #exceptional n<= 1000000: 9  [1, 2, 3, 7, 11, 43, 61, 67, 181]
m=11: #exceptional n<= 1000000: 5  [1, 2, 3, 4, 37]
m=12: #exceptional n<= 1000000: 24  [1, 2, 3, 5, 7, 13, 25, 29, 31, 37, 73, 97, 193, 433, 577, 1129, 1657, 1873, 2521, 2593, 3433, 10369, 12049, 12241]
m=13: #exceptional n<= 1000000: 13  [1, 2, 3, 4, 5, 7, 14, 53, 61, 67, 79, 211, 281]
m=14: #exceptional n<= 1000000: 12  [1, 2, 3, 4, 5, 17, 19, 29, 59, 257, 353, 841]
m=15: #exceptional n<= 1000000: 32  [1, 2, 3, 4, 8, 16, 17, 19, 23, 31, 34, 47, 53, 61, 79, 113, 122, 137, 151, 197, 226, 233, 271, 541, 1103, 1171, 1367, 4201, 6301, 12601, 16831, 20521]
m=16: #exceptional n<= 1000000: 48  [1, 2, 3, 4, 5, 6, 7, 9, 11, 13, 17, 22, 23, 33, 34, 37, 73, 97, 113, 121, 131, 167, 193, 241, 257, 262, 421, 482, 577, 593, 641, 769, 1201, 1489, 2113, 2521, 2689, 3169, 3361, 4801, 4993, 5281, 8161, 8641, 33601, 36529, 78721, 83449]
m=17: #exceptional n<= 1000000: 21  [1, 2, 3, 4, 5, 6, 7, 9, 13, 19, 23, 41, 43, 53, 71, 73, 157, 281, 421, 1123, 2081]
m=18: #exceptional n<= 1000000: 54  [1, 2, 3, 4, 5, 7, 10, 11, 13, 19, 22, 23, 29, 31, 37, 38, 41, 47, 59, 61, 73, 109, 113, 131, 137, 149, 181, 193, 223, 239, 281, 379, 389, 397, 433, 457, 541, 599, 613, 661, 761, 811, 821, 911, 1009, 1297, 1381, 2269, 2819, 9461, 16561, 17389, 28081, 35281]
m=19: #exceptional n<= 1000000: 24  [1, 2, 3, 4, 5, 6, 7, 8, 10, 11, 13, 23, 26, 29, 41, 43, 46, 82, 97, 137, 181, 193, 229, 353]
m=20: #exceptional n<= 1000000: 80  [1, 2, 3, 4, 5, 6, 7, 9, 11, 14, 21, 22, 23, 27, 29, 41, 43, 47, 61, 67, 69, 81, 83, 86, 89, 103, 107, 121, 122, 127, 134, 149, 163, 167, 181, 223, 241, 347, 362, 383, 401, 421, 489, 503, 601, 641, 761, 809, 887, 907, 1049, 1201, 1451, 1607, 1681, 1801, 2161, 2341, 2521, 2687, 2801, 3121, 3467, 4201, 4507, 4801, 4967, 5441, 5521, 5641, 6361, 8161, 8761, 15601, 21841, 22441, 24481, 33601, 87961, 90001]
m=21: #exceptional n<= 1000000: 35  [1, 2, 3, 4, 5, 6, 8, 11, 13, 17, 22, 23, 26, 29, 43, 46, 89, 97, 101, 113, 127, 211, 269, 353, 401, 463, 593, 601, 757, 761, 947, 967, 1031, 7151, 14051]
m=22: #exceptional n<= 1000000: 68  [1, 2, 3, 4, 5, 6, 7, 8, 9, 13, 15, 17, 19, 23, 25, 27, 31, 37, 47, 49, 53, 59, 61, 67, 74, 89, 97, 101, 103, 133, 137, 139, 151, 179, 223, 227, 229, 265, 267, 269, 283, 313, 331, 353, 397, 401, 487, 617, 683, 811, 929, 1021, 1237, 1321, 1327, 1459, 1901, 2017, 2809, 2861, 3433, 4013, 4621, 4657, 5569, 8009, 8647, 14543]
m=23: #exceptional n<= 1000000: 65  [1, 2, 3, 4, 5, 6, 7, 8, 9, 10, 12, 13, 16, 25, 26, 29, 31, 32, 37, 41, 47, 49, 71, 73, 93, 94, 101, 127, 139, 141, 142, 151, 163, 167, 233, 257, 277, 278, 347, 397, 443, 463, 509, 599, 691, 694, 829, 859, 991, 1061, 1381, 1388, 1553, 1613, 1657, 2281, 2417, 3361, 3709, 3803, 5153, 6947, 8419, 11617, 31771]
m=24: #exceptional n<= 1000000: 194  [1, 2, 3, 4, 5, 6, 7, 9, 10, 11, 13, 14, 17, 25, 26, 29, 31, 33, 35, 37, 49, 50, 51, 53, 58, 59, 62, 73, 74, 79, 83, 97, 101, 103, 107, 131, 145, 146, 149, 151, 169, 173, 179, 193, 194, 199, 223, 241, 251, 289, 293, 317, 343, 347, 386, 389, 393, 409, 419, 433, 439, 457, 461, 577, 601, 607, 631, 677, 723, 769, 823, 865, 866, 941, 967, 971, 1009, 1013, 1129, 1153, 1154, 1201, 1249, 1283, 1301, 1303, 1321, 1447, 1451, 1489, 1493, 1657, 1873, 1901, 1949, 1951, 2017, 2239, 2258, 2281, 2309, 2521, 2593, 2689, 2791, 2909, 2939, 2957, 3049, 3169, 3203, 3251, 3314, 3361, 3433, 3457, 3529, 3677, 3746, 3779, 3793, 4129, 4133, 4561, 4801, 4903, 5042, 5186, 5281, 5407, 5477, 5521, 5881, 6121, 6581, 6866, 7517, 7591, 7993, 8237, 8353, 8669, 8689, 8737, 8887, 9127, 10369, 10609, 11597, 12049, 12241, 12343, 12973, 13249, 13681, 13729, 14401, 16561, 18899, 19441, 20641, 20738, 21121, 21841, 23041, 24098, 24481, 24482, 26497, 27031, 27361, 28729, 29401, 31081, 33601, 34369, 39371, 42337, 44641, 49921, 51481, 66529, 97441, 97777, 100801, 131041, 140449, 147457, 176401, 197089, 214729, 230281, 589681, 620929]
