pointwise checks done, failures: 0
           k    A     B  phi/k  S/(ABlogB)    /phi /(phi*Lam) ET:/log(1+k)
           1    2  3000  1.000       1.058   1.058      0.625        0.963
           1    6  1000  1.000       1.166   1.166      0.689        1.061
           1   40   150  1.000       1.524   1.524      0.900        1.387
           1  150    40  1.000       1.419   1.419      0.968        1.291
           2    2  3000  0.500       0.916   1.833      0.873        0.661
           2    6  1000  0.500       0.942   1.883      0.897        0.679
           2   40   150  0.500       1.185   2.370      1.247        0.855
           2  150    40  0.500       1.089   2.178      1.373        0.786
           3    2  3000  0.667       1.123   1.685      0.706        0.698
           3    6  1000  0.667       1.094   1.641      0.687        0.680
           3   40   150  0.667       1.359   2.038      0.999        0.844
           3  150    40  0.667       1.249   1.873      1.124        0.776
           4    2  3000  0.500       0.954   1.907      0.731        0.532
           4    6  1000  0.500       0.990   1.980      0.759        0.552
           4   40   150  0.500       1.207   2.414      1.123        0.674
           4  150    40  0.500       1.135   2.270      1.313        0.634
           6    2  3000  0.333       0.842   2.525      0.857        0.405
           6    6  1000  0.333       0.865   2.595      0.881        0.416
           6   40   150  0.333       1.014   3.042      1.313        0.488
           6  150    40  0.333       0.939   2.817      1.543        0.452
           2    2  3000  0.500       0.916   1.833      0.873        0.661
           2    6  1000  0.500       0.942   1.883      0.897        0.679
           2   40   150  0.500       1.185   2.370      1.247        0.855
           2  150    40  0.500       1.089   2.178      1.373        0.786
           6    2  3000  0.333       0.842   2.525      0.857        0.405
           6    6  1000  0.333       0.865   2.595      0.881        0.416
           6   40   150  0.333       1.014   3.042      1.313        0.488
           6  150    40  0.333       0.939   2.817      1.543        0.452
          30    2  3000  0.267       0.697   2.614      0.590        0.201
          30    6  1000  0.267       0.820   3.075      0.694        0.237
          30   40   150  0.267       0.969   3.632      1.146        0.279
          30  150    40  0.267       0.901   3.378      1.462        0.260
         210    2  3000  0.229       0.716   3.134      0.493        0.134
         210    6  1000  0.229       0.770   3.368      0.530        0.144
         210   40   150  0.229       0.956   4.185      0.881        0.179
         210  150    40  0.229       0.899   3.932      1.229        0.168
        2310    2  3000  0.208       0.746   3.589      0.410        0.096
        2310    6  1000  0.208       0.774   3.726      0.426        0.100
        2310   40   150  0.208       0.997   4.796      0.602        0.129
        2310  150    40  0.208       0.931   4.482      0.898        0.120
       30030    2  3000  0.192       0.845   4.405      0.389        0.082
       30030    6  1000  0.192       0.851   4.438      0.392        0.083
       30030   40   150  0.192       1.038   5.411      0.478        0.101
       30030  150    40  0.192       0.991   5.167      0.623        0.096
      510510    2  3000  0.181       0.690   3.823      0.270        0.053
      510510    6  1000  0.181       0.828   4.588      0.324        0.063
      510510   40   150  0.181       1.077   5.965      0.422        0.082
      510510  150    40  0.181       1.045   5.789      0.409        0.080
     9699690    2  3000  0.171       0.825   4.821      0.282        0.051
     9699690    6  1000  0.171       0.892   5.214      0.305        0.055
     9699690   40   150  0.171       1.154   6.749      0.395        0.072
     9699690  150    40  0.171       1.101   6.439      0.377        0.068
   223092870    2  3000  0.164       0.907   5.544      0.274        0.047
   223092870    6  1000  0.164       0.962   5.883      0.291        0.050
   223092870   40   150  0.164       1.226   7.492      0.370        0.064
   223092870  150    40  0.164       1.183   7.231      0.358        0.062
  6469693230    2  3000  0.158       0.848   5.369      0.228        0.038
  6469693230    6  1000  0.158       0.958   6.066      0.257        0.042
  6469693230   40   150  0.158       1.276   8.082      0.343        0.057
  6469693230  150    40  0.158       1.225   7.757      0.329        0.054
         101    2  3000  0.990       2.044   2.064      0.367        0.441
         101    6  1000  0.990       1.805   1.823      0.324        0.389
         101   40   150  0.990       2.154   2.175      0.534        0.465
         101  150    40  0.990       1.970   1.990      0.706        0.425
        1009    2  3000  0.999       1.524   1.525      0.193        0.220
        1009    6  1000  0.999       1.965   1.967      0.248        0.284
        1009   40   150  0.999       2.383   2.386      0.358        0.344
        1009  150    40  0.999       2.266   2.268      0.532        0.327
       10007    2  3000  1.000       2.682   2.682      0.263        0.291
       10007    6  1000  1.000       2.329   2.329      0.228        0.253
       10007   40   150  1.000       2.709   2.709      0.265        0.294
       10007  150    40  1.000       2.562   2.562      0.385        0.278
      100003    2  3000  1.000       2.294   2.294      0.183        0.199
      100003    6  1000  1.000       2.696   2.696      0.215        0.234
      100003   40   150  1.000       2.964   2.964      0.237        0.257
      100003  150    40  1.000       2.824   2.824      0.267        0.245
        6054    2  3000  0.333       1.300   3.903      0.402        0.149
        6054    6  1000  0.333       1.257   3.775      0.389        0.144
        6054   40   150  0.333       1.451   4.358      0.449        0.167
        6054  150    40  0.333       1.364   4.097      0.680        0.157
     4088468    2  3000  0.499       2.084   4.176      0.257        0.137
     4088468    6  1000  0.499       1.825   3.658      0.225        0.120
     4088468   40   150  0.499       2.387   4.784      0.295        0.157
     4088468  150    40  0.499       2.283   4.575      0.282        0.150
        1024    2  3000  0.500       1.222   2.443      0.308        0.176
        1024    6  1000  0.500       1.292   2.585      0.326        0.186
        1024   40   150  0.500       1.619   3.238      0.485        0.234
        1024  150    40  0.500       1.568   3.137      0.734        0.226
        6561    2  3000  0.667       1.204   1.806      0.184        0.137
        6561    6  1000  0.667       1.452   2.179      0.223        0.165
        6561   40   150  0.667       1.990   2.985      0.305        0.226
        6561  150    40  0.667       1.913   2.869      0.469        0.218
