(1) Lemma 1.1 exact check: 300 random instances satisfying (1.1), failures = 0
(2) toy LP, n iid bits with P(1)=p, level k: max E B / E F  (Lemma 1.1 threshold R*)
 n  k     p      R    R*=(k+1)+(2k+1)r   LPopt/EF
10  1   0.05   0.53     2.16         0.8351
10  1   0.10   1.11     2.33         0.0000
10  1   0.15   1.76     2.53        -0.0000
10  1   0.20   2.50     2.75        -0.0000
10  1   0.25   3.33     3.00        -0.0000
10  1   0.30   4.29     3.29        -0.0000
10  1   0.40   6.67     4.00        -0.0000
10  2   0.05   0.53     3.26         0.8727
10  2   0.10   1.11     3.56         0.2581
10  2   0.15   1.76     3.88        -0.0000
10  2   0.20   2.50     4.25        -0.0000
10  2   0.25   3.33     4.67        -0.0000
10  2   0.30   4.29     5.14        -0.0000
10  2   0.40   6.67     6.33        -0.0000
12  3   0.05   0.63     4.37         0.9947
12  3   0.10   1.33     4.78         0.8498
12  3   0.15   2.12     5.24         0.4658
12  3   0.20   3.00     5.75        -0.0000
12  3   0.25   4.00     6.33        -0.0000
12  3   0.30   5.14     7.00        -0.0000
12  3   0.40   8.00     8.67        -0.0000
