inst m q d delta  EM  En  max(weightedLP: Rem2.7, Thm2.5)(<=1)  logC*(phantom)  logC*(plain)  E[Phi]  E[Phi_(2.1)]
  0 5 2 1 0.25 0.000 0.000  1.000000  0.0000  0.0000  0.000  7.159
  1 4 2 2 0.25 0.000 0.000  1.000000  0.0000  0.0000  0.000  12.931
  2 3 2 3 0.25 0.000 0.000  1.000000  0.0000  0.0000  0.000  18.704
  3 4 3 2 0.25 0.009 0.009  1.000000  0.0330  0.0331  0.016  12.953
  4 4 3 2 0.25 0.057 0.057  1.000000  0.2480  0.2480  0.101  13.063
  5 3 2 2 0.25 0.069 0.069  1.000000  0.1378  0.1378  0.120  13.091
  6 4 2 3 0.25 0.093 0.093  1.000000  0.2577  0.2577  0.165  19.006
  7 3 3 2 0.25 0.000 0.000  1.000000  -0.0000  -0.0000  0.000  12.931
  8 4 2 2 0.25 0.239 0.239  0.996099  0.2726  0.2726  0.422  13.481
  9 4 2 1 0.25 0.000 0.000  1.000000  -0.0000  -0.0000  0.000  7.159
 10 3 3 3 0.25 0.000 0.000  1.000000  0.0000  0.0000  0.000  18.704
 11 5 3 3 0.25 0.000 0.000  1.000000  -0.0000  -0.0000  0.000  18.704
 12 4 2 2 0.25 0.180 0.180  0.993616  0.1982  0.1982  0.316  13.347
 13 4 2 2 0.25 0.069 0.069  0.995391  0.0719  0.0719  0.120  13.093
 14 4 3 1 0.25 0.236 0.236  0.993840  0.2660  0.2660  0.416  7.481
 15 4 3 2 0.25 0.116 0.116  0.995797  0.1485  0.1500  0.204  13.197
 16 4 3 3 0.25 0.036 0.036  1.000000  0.2079  0.2079  0.063  18.822
 17 4 3 1 0.25 0.339 0.339  0.834948  0.1966  0.1966  0.564  7.610
 18 4 3 2 0.25 0.204 0.204  0.993519  0.2776  0.2776  0.360  13.399
 19 3 2 3 0.25 0.008 0.008  1.000000  0.0873  0.0873  0.015  18.731
 20 4 2 1 0.25 0.077 0.077  1.000000  0.0940  0.0940  0.136  7.264
 21 4 2 1 0.25 0.000 0.000  1.000000  0.0000  0.0000  0.000  7.159
 22 4 2 2 0.25 0.026 0.026  1.000000  0.0699  0.0699  0.045  12.992
 23 3 2 3 0.25 0.059 0.059  1.000000  0.1331  0.1331  0.103  18.897
 24 3 3 3 0.25 0.000 0.000  1.000000  0.0000  0.0000  0.000  18.704
 25 5 2 2 0.25 0.092 0.092  0.994434  0.0964  0.0964  0.160  13.145
 26 5 3 1 0.25 0.129 0.129  0.984242  0.0573  0.0573  0.220  7.333
 27 4 3 3 0.25 0.198 0.198  1.000000  0.4600  0.4600  0.353  19.333
 28 4 3 2 0.25 0.000 0.000  1.000000  -0.0000  -0.0000  0.000  12.931
 29 3 2 1 0.25 0.001 0.001  1.000000  0.0009  0.0009  0.002  7.160
 30 4 3 1 0.25 0.070 0.070  0.997988  0.0537  0.0513  0.119  7.254
 31 5 3 3 0.25 0.073 0.073  0.996771  0.1571  0.1624  0.127  18.942
 32 3 3 3 0.25 0.000 0.000  1.000000  0.0000  0.0000  0.000  18.704
 33 3 2 3 0.25 0.000 0.000  1.000000  0.0000  0.0000  0.000  18.704
 34 3 2 2 0.25 0.000 0.000  1.000000  0.0000  0.0000  0.000  12.931
 35 5 2 3 0.25 0.005 0.005  0.999596  0.0049  0.0049  0.008  18.720
 36 5 2 1 0.25 0.090 0.090  0.996443  0.1005  0.1005  0.158  7.283
 37 3 2 3 0.25 0.072 0.072  1.000000  0.1727  0.1727  0.125  18.936
 38 3 2 1 0.25 0.118 0.118  0.994364  0.1281  0.1281  0.206  7.321
 39 4 2 3 0.25 0.000 0.000  1.000000  0.0000  0.0000  0.000  18.704
max weighted LP value = 1.000000000  (theorem: <= 1)
