inst m q d delta  EM  En  max weighted LP over {phantom,plain}x{Thm2.5,Rem2.7} (<=1)  logC*(phantom)  logC*(plain)  E[Phi]  E[Phi_(2.1)]
  0 4 3 3 0.08 0.019 0.019  1.000000  0.0222  0.0222  0.033  18.766
  1 3 2 1 0.25 0.000 0.000  1.000000  0.0000  0.0000  0.000  7.159
  2 3 2 3 0.08 0.006 0.006  0.999521  0.0059  0.0059  0.010  18.723
  3 4 2 3 0.25 0.031 0.031  0.999488  0.3026  0.3026  0.055  18.805
  4 5 2 3 0.15 0.167 0.167  0.993302  0.3390  0.3390  0.293  19.243
  5 3 2 2 0.15 0.000 0.000  1.000000  0.0000  0.0000  0.000  12.931
  6 3 3 1 0.08 0.000 0.000  1.000000  0.0000  0.0000  0.000  7.159
  7 5 3 1 0.08 0.004 0.004  0.999671  0.0046  0.0046  0.008  7.165
  8 5 2 1 0.25 0.011 0.011  0.999005  0.0114  0.0114  0.020  7.175
  9 5 2 1 0.25 0.091 0.091  0.997928  0.0904  0.0903  0.154  7.281
 10 3 3 1 0.08 0.004 0.004  0.999669  0.0040  0.0040  0.007  7.164
 11 5 3 1 0.08 0.036 0.036  0.997328  0.0366  0.0366  0.062  7.209
 12 3 3 2 0.15 0.000 0.000  1.000000  0.0000  0.0000  0.000  12.931
 13 4 2 1 0.25 0.171 0.171  0.993620  0.1870  0.1870  0.299  7.393
 14 3 3 1 0.25 0.048 0.048  0.997210  0.0544  0.0544  0.084  7.225
 15 5 3 3 0.08 0.017 0.017  0.998665  0.0190  0.0190  0.030  18.760
 16 3 2 2 0.25 0.011 0.011  0.999295  0.0111  0.0087  0.019  12.955
 17 3 2 2 0.15 0.011 0.011  1.000000  0.0248  0.0248  0.018  12.956
 18 5 3 3 0.25 0.318 0.318  0.996690  0.5185  0.5212  0.568  19.713
 19 5 3 1 0.15 0.169 0.169  0.947412  0.1269  0.1269  0.282  7.387
 20 3 3 3 0.25 0.176 0.176  0.993484  0.1931  0.1931  0.308  19.274
 21 3 3 1 0.08 0.059 0.059  0.995958  0.0608  0.0608  0.102  7.240
 22 3 3 1 0.08 0.000 0.000  1.000000  0.0000  0.0000  0.000  7.159
 23 5 2 3 0.08 0.036 0.036  0.997283  0.0392  0.0392  0.063  18.823
 24 3 3 3 0.25 0.071 0.071  0.996484  0.2725  0.2725  0.126  18.927
 25 4 3 2 0.08 0.029 0.029  1.000000  0.0798  0.0798  0.050  12.998
 26 3 2 2 0.15 0.000 0.000  1.000000  0.0000  0.0000  0.000  12.931
 27 3 3 2 0.25 0.000 0.000  1.000000  -0.0000  -0.0000  0.000  12.931
 28 5 3 3 0.25 0.029 0.029  0.999265  0.2197  0.2197  0.050  18.797
 29 3 2 3 0.15 0.121 0.121  0.993589  0.1292  0.1292  0.211  19.099
max weighted LP value = 1.000000000  (theorem: <= 1)
