inst m q d delta  EM  En  max weighted LP over {phantom,plain}x{Thm2.5,Rem2.7} (<=1)  logC*(phantom)  logC*(plain)  E[Phi]  E[Phi_(2.1)]
  0 8 2 1 0.25 0.218 0.218  0.895941  0.0901  0.0891  0.342  7.440
  1 8 2 1 0.15 0.297 0.297  0.845842  0.1552  0.1552  0.490  7.554
  2 6 2 3 0.25 0.277 0.277  0.990462  0.6347  0.6347  0.498  19.568
  3 8 3 3 0.08 0.000 0.000  1.000000  -0.0000  -0.0000  0.000  18.704
  4 5 3 1 0.25 0.444 0.444  0.831982  0.2086  0.2086  0.632  7.712
  5 6 2 3 0.15 0.000 0.000  1.000000  0.0000  0.0000  0.000  18.704
  6 5 3 2 0.25 0.151 0.151  0.996295  0.2899  0.3252  0.270  13.261
  7 6 3 2 0.08 0.000 0.000  1.000000  -0.0000  -0.0000  0.000  12.931
  8 5 2 3 0.25 0.311 0.311  0.992822  0.6138  0.6037  0.561  19.668
  9 5 3 3 0.15 0.000 0.000  1.000000  -0.0000  -0.0000  0.000  18.704
 10 6 3 2 0.08 0.000 0.000  1.000000  0.0000  0.0000  0.000  12.931
 11 7 3 3 0.15 0.216 0.216  0.992143  0.4266  0.4155  0.386  19.382
 12 7 3 2 0.15 0.154 0.154  0.993612  0.2060  0.2060  0.271  13.286
 13 7 3 2 0.25 0.854 0.854  0.891043  0.8473  0.8473  1.542  14.686
 14 7 3 3 0.08 0.000 0.000  1.000000  -0.0000  -0.0000  0.000  18.704
 15 8 2 3 0.15 0.003 0.003  1.000000  0.1300  0.1300  0.006  18.715
 16 5 3 1 0.08 0.000 0.000  1.000000  -0.0000  -0.0000  0.000  7.159
 17 5 2 1 0.15 0.109 0.109  0.993994  0.1151  0.1151  0.189  7.309
 18 7 3 1 0.08 0.000 0.000  1.000000  0.0000  0.0000  0.000  7.159
 19 6 2 3 0.15 0.251 0.251  0.987528  0.2688  0.2688  0.444  19.502
 20 7 2 1 0.25 0.524 0.524  0.759604  0.2806  0.2806  0.817  7.831
 21 7 2 1 0.08 0.000 0.000  1.000000  -0.0000  -0.0000  0.000  7.159
 22 8 2 2 0.15 0.044 0.044  1.000000  0.1602  0.1602  0.078  13.031
 23 7 2 2 0.08 0.000 0.000  1.000000  -0.0000  -0.0000  0.000  12.931
 24 5 2 1 0.25 0.205 0.205  0.935990  0.1088  0.1088  0.298  7.421
 25 8 2 3 0.08 0.000 0.000  1.000000  -0.0000  -0.0000  0.000  18.704
 26 6 3 2 0.08 0.000 0.000  1.000000  -0.0000  -0.0000  0.000  12.931
 27 7 3 1 0.25 0.308 0.308  0.906087  0.2309  0.2309  0.510  7.566
 28 7 2 1 0.25 0.776 0.776  0.623666  0.2649  0.2649  1.080  8.102
 29 6 2 3 0.15 0.273 0.273  0.987303  0.4041  0.4041  0.484  19.567
max weighted LP value = 1.000000000  (theorem: <= 1)
